#WU	WSHGC	IT	IL	INF	CSB	CSPR	CSPO	HSB	HSPR	HSPO	SD	NoS	SYS	CO2	Comfort
1	1	1	0	1	0	0	0	0	0	0	0	0	10	40503	11.3
1	1	1	0	1	0	0	0	0	0	0	0	0	11	24045	18.8
1	1	1	0	1	0	0	0	0	0	0	0	0	12	24704	20.3
1	1	1	0	1	0	0	0	0	0	0	0	0	13	25215	61.8
1	1	1	0	1	0	0	0	0	0	0	0	0	17	54968	17.5
1	1	1	0	1	0	0	0	0	0	0	0	0	 2	18453	20.2
1	1	1	0	1	0	0	0	0	0	0	0	0	 3	29269	12.9
1	1	1	0	1	0	0	0	0	0	0	0	0	 4	27128	12.9
1	1	1	0	1	0	0	0	0	0	0	0	0	 5	26246	5.1
1	1	1	0	1	0	0	0	0	0	0	0	0	 6	41588	4.7
1	1	1	0	1	0	0	0	0	0	0	0	0	 7	27049	6.6
1	1	1	0	1	0	0	0	0	0	0	0	0	 8	39908	5.9
1	1	1	0	1	0	0	0	0	0	0	0	0	 9	29011	11.3
1	1	1	0	2	0	0	0	0	0	0	0	0	 1	18968	17.1
1	1	1	0	2	0	0	0	0	0	0	0	0	10	41903	11.0
1	1	1	0	2	0	0	0	0	0	0	0	0	11	24309	16.7
1	1	1	0	2	0	0	0	0	0	0	0	0	12	24932	18.1
1	1	1	0	2	0	0	0	0	0	0	0	0	13	25740	57.4
1	1	1	0	2	0	0	0	0	0	0	0	0	17	55272	16.3
1	1	1	0	2	0	0	0	0	0	0	0	0	 2	18872	17.1
1	1	1	0	2	0	0	0	0	0	0	0	0	 3	29877	12.5
1	1	1	0	2	0	0	0	0	0	0	0	0	 4	27599	12.5
1	1	1	0	2	0	0	0	0	0	0	0	0	 5	26676	4.8
1	1	1	0	2	0	0	0	0	0	0	0	0	 6	42490	4.5
1	1	1	0	2	0	0	0	0	0	0	0	0	 7	27490	6.4
1	1	1	0	2	0	0	0	0	0	0	0	0	 8	40816	5.6
1	1	1	0	2	0	0	0	0	0	0	0	0	 9	29619	11.0
1	1	5	3	4	2	1	0	4	2	2	1	1	 1	29584	39.7
1	1	5	3	4	2	1	0	4	2	2	1	1	10	66440	27.0
1	1	5	3	4	2	1	0	4	2	2	1	1	11	28782	40.5
1	1	5	3	4	2	1	0	4	2	2	1	1	12	29229	41.6
1	1	5	3	4	2	1	0	4	2	2	1	1	13	35015	78.0
1	1	5	3	4	2	1	0	4	2	2	1	1	17	63561	38.3
1	1	5	3	4	2	1	0	4	2	2	1	1	 2	28124	39.6
1	1	5	3	4	2	1	0	4	2	2	1	1	 3	40330	28.1
1	1	5	3	4	2	1	0	4	2	2	1	1	 4	34972	28.1
1	1	5	3	4	2	1	0	4	2	2	1	1	 5	38700	33.9
1	1	5	3	4	2	1	0	4	2	2	1	1	 6	70132	33.6
1	1	5	3	4	2	1	0	4	2	2	1	1	 7	39540	35.4
1	1	5	3	4	2	1	0	4	2	2	1	1	 8	68466	35.0
1	1	5	3	4	2	1	0	4	2	2	1	1	 9	40182	27.0
1	1	5	3	5	2	2	1	0	3	2	2	2	 1	20624	21.0
1	1	5	3	5	2	2	1	0	3	2	2	2	10	45619	10.3
1	1	5	3	5	2	2	1	0	3	2	2	2	11	24816	20.0
1	1	5	3	5	2	2	1	0	3	2	2	2	12	24972	20.0
1	1	5	3	5	2	2	1	0	3	2	2	2	13	27486	43.6
1	1	5	3	5	2	2	1	0	3	2	2	2	17	55999	19.2
1	1	5	3	5	2	2	1	0	3	2	2	2	 2	20991	21.1
1	1	5	3	5	2	2	1	0	3	2	2	2	 3	30382	10.4
1	1	5	3	5	2	2	1	0	3	2	2	2	 4	27937	10.4
1	1	5	3	5	2	2	1	0	3	2	2	2	 5	26144	8.4
1	1	5	3	5	2	2	1	0	3	2	2	2	 7	26998	8.8
1	1	5	3	5	2	2	1	0	3	2	2	2	 8	44617	7.3
1	1	5	3	5	2	2	1	0	3	2	2	2	 9	30333	10.3
1	2	2	1	3	2	2	2	2	2	2	2	4	 1	22975	33.5
1	2	2	1	3	2	2	2	2	2	2	2	4	10	52948	19.3
1	2	2	1	3	2	2	2	2	2	2	2	4	11	24810	24.6
1	2	2	1	3	2	2	2	2	2	2	2	4	12	24773	24.4
1	2	2	1	3	2	2	2	2	2	2	2	4	13	28587	66.1
1	2	2	1	3	2	2	2	2	2	2	2	4	17	57152	23.7
1	2	2	1	3	2	2	2	2	2	2	2	4	 2	24416	33.6
1	2	2	1	3	2	2	2	2	2	2	2	4	 3	32967	19.4
1	2	2	1	3	2	2	2	2	2	2	2	4	 4	29762	19.5
1	2	2	1	3	2	2	2	2	2	2	2	4	 5	27477	11.5
1	2	2	1	3	2	2	2	2	2	2	2	4	 6	54467	6.3
1	2	2	1	3	2	2	2	2	2	2	2	4	 7	28299	12.0
1	2	2	1	3	2	2	2	2	2	2	2	4	 8	52935	7.1
1	2	2	1	3	2	2	2	2	2	2	2	4	 9	32928	19.3
1	2	2	1	3	2	3	3	3	2	2	3	5	 1	25146	36.2
1	2	2	1	3	2	3	3	3	2	2	3	5	10	56803	18.2
1	2	2	1	3	2	3	3	3	2	2	3	5	11	25610	27.3
1	2	2	1	3	2	3	3	3	2	2	3	5	12	25438	27.1
1	2	2	1	3	2	3	3	3	2	2	3	5	13	30242	72.0
1	2	2	1	3	2	3	3	3	2	2	3	5	17	59616	25.1
1	2	2	1	3	2	3	3	3	2	2	3	5	 2	26457	38.2
1	2	2	1	3	2	3	3	3	2	2	3	5	 3	34653	18.2
1	2	2	1	3	2	3	3	3	2	2	3	5	 4	30650	18.2
1	2	2	1	3	2	3	3	3	2	2	3	5	 5	30154	17.4
1	2	2	1	3	2	3	3	3	2	2	3	5	 6	61239	11.3
1	2	2	1	3	2	3	3	3	2	2	3	5	 7	31095	18.0
1	2	2	1	3	2	3	3	3	2	2	3	5	 8	59732	11.9
1	2	2	1	3	2	3	3	3	2	2	3	5	 9	34639	18.2
1	2	2	1	4	3	3	4	4	3	0	0	1	 1	28660	56.5
1	2	2	1	4	3	3	4	4	3	0	0	1	10	69756	56.4
1	2	2	1	4	3	3	4	4	3	0	0	1	11	27584	51.0
1	2	2	1	4	3	3	4	4	3	0	0	1	12	27417	51.1
1	2	2	1	4	3	3	4	4	3	0	0	1	13	32404	66.7
1	2	2	1	4	3	3	4	4	3	0	0	1	17	64411	49.3
1	2	2	1	4	3	3	4	4	3	0	0	1	 2	29103	56.3
1	2	2	1	4	3	3	4	4	3	0	0	1	 3	40638	56.5
1	2	2	1	4	3	3	4	4	3	0	0	1	 4	35284	56.5
1	2	2	1	4	3	3	4	4	3	0	0	1	 5	35254	42.1
1	2	2	1	4	3	3	4	4	3	0	0	1	 7	36379	42.5
1	2	2	1	4	3	3	4	4	3	0	0	1	 8	68749	39.7
1	2	2	1	4	3	3	4	4	3	0	0	1	 9	40629	56.4
1	2	3	2	4	3	4	4	5	0	0	1	2	10	63054	11.5
1	2	3	2	4	3	4	4	5	0	0	1	2	11	28805	52.8
1	2	3	2	4	3	4	4	5	0	0	1	2	12	28560	52.8
1	2	3	2	4	3	4	4	5	0	0	1	2	13	34350	64.7
1	2	3	2	4	3	4	4	5	0	0	1	2	17	67605	50.9
1	2	3	2	4	3	4	4	5	0	0	1	2	 2	29728	56.1
1	2	3	2	4	3	4	4	5	0	0	1	2	 3	38091	11.5
1	2	3	2	4	3	4	4	5	0	0	1	2	 4	32178	11.5
1	2	3	2	4	3	4	4	5	0	0	1	2	 5	39540	38.8
1	2	3	2	4	3	4	4	5	0	0	1	2	 6	76135	32.5
1	2	3	2	4	3	4	4	5	0	0	1	2	 7	40820	39.4
1	2	3	2	4	3	4	4	5	0	0	1	2	 8	74666	32.5
1	2	3	2	4	3	4	4	5	0	0	1	2	 9	38080	11.5
1	3	3	2	5	4	0	1	1	1	2	2	4	 1	22647	19.8
1	3	3	2	5	4	0	1	1	1	2	2	4	10	50950	11.3
1	3	3	2	5	4	0	1	1	1	2	2	4	11	25306	18.7
1	3	3	2	5	4	0	1	1	1	2	2	4	12	25397	18.8
1	3	3	2	5	4	0	1	1	1	2	2	4	13	28734	55.3
1	3	3	2	5	4	0	1	1	1	2	2	4	17	56660	18.0
1	3	3	2	5	4	0	1	1	1	2	2	4	 2	23486	19.9
1	3	3	2	5	4	0	1	1	1	2	2	4	 3	32570	12.7
1	3	3	2	5	4	0	1	1	1	2	2	4	 4	29809	12.7
1	3	3	2	5	4	0	1	1	1	2	2	4	 5	27603	8.2
1	3	3	2	5	4	0	1	1	1	2	2	4	 6	51575	5.5
1	3	3	2	5	4	0	1	1	1	2	2	4	 7	28377	8.6
1	3	3	2	5	4	0	1	1	1	2	2	4	 8	50014	6.2
1	3	3	2	5	4	0	1	1	1	2	2	4	 9	32381	11.3
1	3	3	2	5	4	4	5	0	1	1	1	3	 1	20075	19.9
1	3	3	2	5	4	4	5	0	1	1	1	3	10	46083	13.4
1	3	3	2	5	4	4	5	0	1	1	1	3	11	24213	18.8
1	3	3	2	5	4	4	5	0	1	1	1	3	12	23995	18.8
1	3	3	2	5	4	4	5	0	1	1	1	3	13	26996	43.1
1	3	3	2	5	4	4	5	0	1	1	1	3	17	56294	18.2
1	3	3	2	5	4	4	5	0	1	1	1	3	 2	21568	19.9
1	3	3	2	5	4	4	5	0	1	1	1	3	 3	29661	13.4
1	3	3	2	5	4	4	5	0	1	1	1	3	 4	27410	13.4
1	3	3	2	5	4	4	5	0	1	1	1	3	 5	24050	11.5
1	3	3	2	5	4	4	5	0	1	1	1	3	 6	46647	6.7
1	3	3	2	5	4	4	5	0	1	1	1	3	 7	24942	12.0
1	3	3	2	5	4	4	5	0	1	1	1	3	 8	45144	7.0
1	3	3	2	5	4	4	5	0	1	1	1	3	 9	29664	13.4
1	3	3	3	6	5	1	2	3	2	3	0	1	 1	28358	34.5
1	3	3	3	6	5	1	2	3	2	3	0	1	10	63537	20.9
1	3	3	3	6	5	1	2	3	2	3	0	1	11	27803	28.1
1	3	3	3	6	5	1	2	3	2	3	0	1	12	27839	28.0
1	3	3	3	6	5	1	2	3	2	3	0	1	13	32693	70.0
1	3	3	3	6	5	1	2	3	2	3	0	1	17	62274	26.6
1	3	3	3	6	5	1	2	3	2	3	0	1	 2	28988	35.3
1	3	3	3	6	5	1	2	3	2	3	0	1	 3	38091	21.3
1	3	3	3	6	5	1	2	3	2	3	0	1	 4	33984	21.3
1	3	3	3	6	5	1	2	3	2	3	0	1	 5	34150	18.5
1	3	3	3	6	5	1	2	3	2	3	0	1	 6	66183	15.7
1	3	3	3	6	5	1	2	3	2	3	0	1	 7	35076	18.9
1	3	3	3	6	5	1	2	3	2	3	0	1	 8	64646	16.2
1	3	3	3	6	5	1	2	3	2	3	0	1	 9	37977	20.9
1	3	4	3	7	1	2	3	4	3	1	1	3	 1	32722	52.4
1	3	4	3	7	1	2	3	4	3	1	1	3	10	78140	53.9
1	3	4	3	7	1	2	3	4	3	1	1	3	11	30405	46.7
1	3	4	3	7	1	2	3	4	3	1	1	3	12	30247	46.6
1	3	4	3	7	1	2	3	4	3	1	1	3	13	35645	73.9
1	3	4	3	7	1	2	3	4	3	1	1	3	17	68642	45.1
1	3	4	3	7	1	2	3	4	3	1	1	3	 2	31758	52.4
1	3	4	3	7	1	2	3	4	3	1	1	3	 3	44779	54.1
1	3	4	3	7	1	2	3	4	3	1	1	3	 4	38537	54.1
1	3	4	3	7	1	2	3	4	3	1	1	3	 5	40887	37.3
1	3	4	3	7	1	2	3	4	3	1	1	3	 6	78245	36.8
1	3	4	3	7	1	2	3	4	3	1	1	3	 7	42117	37.4
1	3	4	3	7	1	2	3	4	3	1	1	3	 8	76757	36.9
1	3	4	3	7	1	2	3	4	3	1	1	3	 9	44731	53.9
1	3	5	0	3	4	0	2	3	3	1	2	4	 1	25246	41.1
1	3	5	0	3	4	0	2	3	3	1	2	4	10	59448	35.7
1	3	5	0	3	4	0	2	3	3	1	2	4	11	25685	32.1
1	3	5	0	3	4	0	2	3	3	1	2	4	12	25641	32.1
1	3	5	0	3	4	0	2	3	3	1	2	4	13	30118	74.8
1	3	5	0	3	4	0	2	3	3	1	2	4	17	59021	29.1
1	3	5	0	3	4	0	2	3	3	1	2	4	 2	26556	42.6
1	3	5	0	3	4	0	2	3	3	1	2	4	 3	36044	37.0
1	3	5	0	3	4	0	2	3	3	1	2	4	 4	32241	37.0
1	3	5	0	3	4	0	2	3	3	1	2	4	 5	30163	20.2
1	3	5	0	3	4	0	2	3	3	1	2	4	 6	60882	15.2
1	3	5	0	3	4	0	2	3	3	1	2	4	 7	30993	20.6
1	3	5	0	3	4	0	2	3	3	1	2	4	 8	59350	15.5
1	3	5	0	3	4	0	2	3	3	1	2	4	 9	35847	35.7
1	3	5	0	4	4	1	2	4	1	2	3	1	 1	28032	60.3
1	3	5	0	4	4	1	2	4	1	2	3	1	10	59188	14.1
1	3	5	0	4	4	1	2	4	1	2	3	1	11	27208	53.7
1	3	5	0	4	4	1	2	4	1	2	3	1	12	27213	53.6
1	3	5	0	4	4	1	2	4	1	2	3	1	13	32320	74.1
1	3	5	0	4	4	1	2	4	1	2	3	1	17	62066	51.7
1	3	5	0	4	4	1	2	4	1	2	3	1	 2	28603	60.1
1	3	5	0	4	4	1	2	4	1	2	3	1	 3	36156	14.6
1	3	5	0	4	4	1	2	4	1	2	3	1	 4	31702	14.6
1	3	5	0	4	4	1	2	4	1	2	3	1	 5	34238	42.8
1	3	5	0	4	4	1	2	4	1	2	3	1	 6	67722	39.5
1	3	5	0	4	4	1	2	4	1	2	3	1	 7	35148	43.2
1	3	5	0	4	4	1	2	4	1	2	3	1	 8	66189	39.9
1	3	5	0	4	4	1	2	4	1	2	3	1	 9	36040	14.1
1	3	5	1	4	4	1	3	4	1	2	3	1	 1	28039	58.3
1	3	5	1	4	4	1	3	4	1	2	3	1	10	59787	14.0
1	3	5	1	4	4	1	3	4	1	2	3	1	11	27159	51.3
1	3	5	1	4	4	1	3	4	1	2	3	1	12	27057	51.3
1	1	1	0	1	0	0	0	0	0	0	0	0	 1	18489	20.1
1	3	5	1	4	4	1	3	4	1	2	3	1	13	32260	73.1
1	3	5	1	4	4	1	3	4	1	2	3	1	13	32260	73.1
1	3	5	1	4	4	1	3	4	1	2	3	1	17	62804	49.6
1	3	5	1	4	4	1	3	4	1	2	3	1	 2	28403	58.0
1	3	5	1	4	4	1	3	4	1	2	3	1	 3	36444	14.4
1	3	5	1	4	4	1	3	4	1	2	3	1	 4	31701	14.4
1	3	5	1	4	4	1	3	4	1	2	3	1	 5	34583	41.2
1	3	5	1	4	4	1	3	4	1	2	3	1	 6	68234	38.4
1	3	5	1	4	4	1	3	4	1	2	3	1	 7	35610	41.6
1	3	5	1	4	4	1	3	4	1	2	3	1	 8	66728	38.4
1	3	5	1	4	4	1	3	4	1	2	3	1	 9	36326	14.0
1	3	5	4	2	2	4	5	1	2	2	0	1	 1	20249	25.3
1	3	5	4	2	2	4	5	1	2	2	0	1	10	48354	19.8
1	3	5	4	2	2	4	5	1	2	2	0	1	11	23662	24.5
1	3	5	4	2	2	4	5	1	2	2	0	1	12	23473	24.5
1	3	5	4	2	2	4	5	1	2	2	0	1	13	26874	61.9
1	3	5	4	2	2	4	5	1	2	2	0	1	17	56406	23.3
1	3	5	4	2	2	4	5	1	2	2	0	1	 2	21828	25.3
1	3	5	4	2	2	4	5	1	2	2	0	1	 3	30659	19.8
1	3	5	4	2	2	4	5	1	2	2	0	1	 4	27929	19.9
1	3	5	4	2	2	4	5	1	2	2	0	1	 5	24399	14.3
1	3	5	4	2	2	4	5	1	2	2	0	1	 6	48434	8.8
1	3	5	4	2	2	4	5	1	2	2	0	1	 7	25302	14.9
1	3	5	4	2	2	4	5	1	2	2	0	1	 8	46936	9.3
1	3	5	4	2	2	4	5	1	2	2	0	1	 9	30661	19.8
1	4	2	2	1	2	5	2	4	1	2	1	3	10	54185	14.4
1	4	2	2	1	2	5	2	4	1	2	1	3	11	25715	56.3
1	4	2	2	1	2	5	2	4	1	2	1	3	12	25599	56.3
1	4	2	2	1	2	5	2	4	1	2	1	3	13	30680	76.4
1	4	2	2	1	2	5	2	4	1	2	1	3	17	60623	53.1
1	4	2	2	1	2	5	2	4	1	2	1	3	 3	33712	14.4
1	4	2	2	1	2	5	2	4	1	2	1	3	 4	28947	14.4
1	4	2	2	1	2	5	2	4	1	2	1	3	 5	31092	42.9
1	4	2	2	1	2	5	2	4	1	2	1	3	 6	62549	38.6
1	4	2	2	1	2	5	2	4	1	2	1	3	 7	32147	43.6
1	4	2	2	1	2	5	2	4	1	2	1	3	 8	61061	39.0
1	4	2	2	1	2	5	2	4	1	2	1	3	 9	33708	14.4
1	4	2	3	3	5	3	1	3	1	3	1	5	 1	25534	30.5
1	4	2	3	3	5	3	1	3	1	3	1	5	10	55199	12.5
1	4	2	3	3	5	3	1	3	1	3	1	5	11	26228	27.7
1	4	2	3	3	5	3	1	3	1	3	1	5	12	26321	27.8
1	4	2	3	3	5	3	1	3	1	3	1	5	13	31003	70.6
1	4	2	3	3	5	3	1	3	1	3	1	5	17	59557	24.9
1	4	2	3	3	5	3	1	3	1	3	1	5	 2	25977	32.5
1	4	2	3	3	5	3	1	3	1	3	1	5	 3	34416	12.5
1	4	2	3	3	5	3	1	3	1	3	1	5	 4	30360	12.5
1	4	2	3	3	5	3	1	3	1	3	1	5	 5	31456	16.0
1	4	2	3	3	5	3	1	3	1	3	1	5	 6	60427	14.5
1	4	2	3	3	5	3	1	3	1	3	1	5	 7	32316	16.4
1	4	2	3	3	5	3	1	3	1	3	1	5	 8	58871	15.4
1	4	2	3	3	5	3	1	3	1	3	1	5	 9	34400	12.5
1	4	2	4	4	1	4	2	0	2	1	3	3	 1	20506	27.5
1	4	2	4	4	1	4	2	0	2	1	3	3	10	49490	16.8
1	4	2	4	4	1	4	2	0	2	1	3	3	11	24454	20.7
1	4	2	4	4	1	4	2	0	2	1	3	3	12	24400	20.6
1	4	2	4	4	1	4	2	0	2	1	3	3	13	27384	45.3
1	4	2	4	4	1	4	2	0	2	1	3	3	17	55923	20.1
1	4	2	4	4	1	4	2	0	2	1	3	3	 2	21815	27.5
1	4	2	4	4	1	4	2	0	2	1	3	3	 3	31344	16.8
1	4	2	4	4	1	4	2	0	2	1	3	3	 4	28954	16.8
1	4	2	4	4	1	4	2	0	2	1	3	3	 5	24794	9.8
1	4	2	4	4	1	4	2	0	2	1	3	3	 6	47235	5.0
1	4	2	4	4	1	4	2	0	2	1	3	3	 7	25651	10.2
1	4	2	4	4	1	4	2	0	2	1	3	3	 8	45715	5.6
1	4	2	4	4	1	4	2	0	2	1	3	3	 9	31360	16.8
1	4	5	1	4	5	1	3	5	1	2	3	1	 1	30868	73.3
1	4	5	1	4	5	1	3	5	1	2	3	1	10	65060	14.2
1	4	5	1	4	5	1	3	5	1	2	3	1	11	28736	63.4
1	4	5	1	4	5	1	3	5	1	2	3	1	12	28601	63.5
1	4	5	1	4	5	1	3	5	1	2	3	1	13	34389	70.4
1	4	5	1	4	5	1	3	5	1	2	3	1	17	66420	63.0
1	4	5	1	4	5	1	3	5	1	2	3	1	 2	30279	73.4
1	4	5	1	4	5	1	3	5	1	2	3	1	 3	39044	14.6
1	4	5	1	4	5	1	3	5	1	2	3	1	 4	33383	14.6
1	4	5	1	4	5	1	3	5	1	2	3	1	 5	39234	53.2
1	4	5	1	4	5	1	3	5	1	2	3	1	 6	76350	48.0
1	4	5	1	4	5	1	3	5	1	2	3	1	 7	40360	53.7
1	4	5	1	4	5	1	3	5	1	2	3	1	 8	74852	48.0
1	4	5	1	4	5	1	3	5	1	2	3	1	 9	38902	14.2
1	4	6	1	5	0	2	4	1	2	3	1	3	 1	22117	25.3
1	4	6	1	5	0	2	4	1	2	3	1	3	10	51979	18.5
1	4	6	1	5	0	2	4	1	2	3	1	3	11	24803	19.9
1	4	6	1	5	0	2	4	1	2	3	1	3	12	24665	19.9
1	4	6	1	5	0	2	4	1	2	3	1	3	13	28146	57.1
1	4	6	1	5	0	2	4	1	2	3	1	3	17	57121	19.5
1	4	6	1	5	0	2	4	1	2	3	1	3	 2	23776	25.4
1	4	6	1	5	0	2	4	1	2	3	1	3	 3	32349	18.6
1	4	6	1	5	0	2	4	1	2	3	1	3	 4	29602	18.6
1	4	6	1	5	0	2	4	1	2	3	1	3	 5	26200	11.8
1	4	6	1	5	0	2	4	1	2	3	1	3	 6	51682	7.1
1	4	6	1	5	0	2	4	1	2	3	1	3	 7	27090	12.3
1	4	6	1	5	0	2	4	1	2	3	1	3	 8	50174	7.6
1	4	6	1	5	0	2	4	1	2	3	1	3	 9	32313	18.5
1	4	6	1	5	0	2	4	1	2	3	1	4	 1	22138	25.3
1	4	6	1	5	0	2	4	1	2	3	1	4	10	52042	18.0
1	4	6	1	5	0	2	4	1	2	3	1	4	11	24817	19.5
1	4	6	1	5	0	2	4	1	2	3	1	4	12	24666	19.5
1	4	6	1	5	0	2	4	1	2	3	1	4	13	28187	56.7
1	4	6	1	5	0	2	4	1	2	3	1	4	17	57139	19.2
1	4	6	1	5	0	2	4	1	2	3	1	4	 2	23802	25.3
1	4	6	1	5	0	2	4	1	2	3	1	4	 3	32373	18.2
1	4	6	1	5	0	2	4	1	2	3	1	4	 4	29623	18.2
1	4	6	1	5	0	2	4	1	2	3	1	4	 5	26226	11.6
1	4	6	1	5	0	2	4	1	2	3	1	4	 6	51761	6.8
1	4	6	1	5	0	2	4	1	2	3	1	4	 7	27116	11.9
1	4	6	1	5	0	2	4	1	2	3	1	4	 8	50252	7.1
1	4	6	1	5	0	2	4	1	2	3	1	4	 9	32338	18.0
1	4	6	1	5	1	2	4	1	2	0	1	4	 1	22138	25.3
1	4	6	1	5	1	2	4	1	2	0	1	4	10	52042	18.0
1	4	6	1	5	1	2	4	1	2	0	1	4	11	24817	19.5
1	4	6	1	5	1	2	4	1	2	0	1	4	12	24666	19.5
1	4	6	1	5	1	2	4	1	2	0	1	4	13	28187	56.7
1	4	6	1	5	1	2	4	1	2	0	1	4	17	57139	19.2
1	4	6	1	5	1	2	4	1	2	0	1	4	 2	23802	25.3
1	4	6	1	5	1	2	4	1	2	0	1	4	 3	32373	18.2
1	4	6	1	5	1	2	4	1	2	0	1	4	 4	29623	18.2
1	4	6	1	5	1	2	4	1	2	0	1	4	 5	26226	11.6
1	4	6	1	5	1	2	4	1	2	0	1	4	 6	51761	6.8
1	4	6	1	5	1	2	4	1	2	0	1	4	 7	27116	11.9
1	4	6	1	5	1	2	4	1	2	0	1	4	 8	50252	7.1
1	4	6	1	5	1	2	4	1	2	0	1	4	 9	32338	18.0
1	5	3	0	5	2	0	3	1	3	2	0	4	 1	21775	29.4
1	5	3	0	5	2	0	3	1	3	2	0	4	10	48511	14.1
1	5	3	0	5	2	0	3	1	3	2	0	4	11	24629	23.6
1	5	3	0	5	2	0	3	1	3	2	0	4	12	24619	23.3
1	5	3	0	5	2	0	3	1	3	2	0	4	13	27774	58.6
1	5	3	0	5	2	0	3	1	3	2	0	4	17	56266	23.1
1	5	3	0	5	2	0	3	1	3	2	0	4	 2	23365	29.3
1	5	3	0	5	2	0	3	1	3	2	0	4	 3	31089	15.1
1	5	3	0	5	2	0	3	1	3	2	0	4	 4	28510	15.1
1	5	3	0	5	2	0	3	1	3	2	0	4	 5	25860	13.6
1	5	3	0	5	2	0	3	1	3	2	0	4	 6	50256	8.1
1	5	3	0	5	2	0	3	1	3	2	0	4	 7	26678	14.0
1	5	3	0	5	2	0	3	1	3	2	0	4	 8	48728	8.5
1	5	3	0	5	2	0	3	1	3	2	0	4	 9	30897	14.1
1	5	3	4	4	1	4	2	5	2	1	2	2	 1	32225	72.7
1	5	3	4	4	1	4	2	5	2	1	2	2	10	70106	23.0
1	5	3	4	4	1	4	2	5	2	1	2	2	11	29695	64.2
1	5	3	4	4	1	4	2	5	2	1	2	2	12	29599	64.1
1	5	3	4	4	1	4	2	5	2	1	2	2	13	35990	76.6
1	5	3	4	4	1	4	2	5	2	1	2	2	17	67700	64.0
1	5	3	4	4	1	4	2	5	2	1	2	2	 2	31496	72.8
1	5	3	4	4	1	4	2	5	2	1	2	2	 3	41222	23.0
1	5	3	4	4	1	4	2	5	2	1	2	2	 4	35118	23.0
1	5	3	4	4	1	4	2	5	2	1	2	2	 5	40722	54.3
1	5	3	4	4	1	4	2	5	2	1	2	2	 6	78882	50.0
1	5	3	4	4	1	4	2	5	2	1	2	2	 7	41877	55.2
1	5	3	4	4	1	4	2	5	2	1	2	2	 8	77378	50.0
1	5	3	4	4	1	4	2	5	2	1	2	2	 9	41188	23.0
1	5	3	4	5	1	4	2	0	2	1	3	3	 1	21123	25.7
1	5	3	4	5	1	4	2	0	2	1	3	3	10	50733	16.3
1	5	3	4	5	1	4	2	0	2	1	3	3	11	24842	19.6
1	5	3	4	5	1	4	2	0	2	1	3	3	12	24786	19.4
1	5	3	4	5	1	4	2	0	2	1	3	3	13	27934	42.2
1	5	3	4	5	1	4	2	0	2	1	3	3	17	56372	19.1
1	5	3	4	5	1	4	2	0	2	1	3	3	 2	22358	25.7
1	5	3	4	5	1	4	2	0	2	1	3	3	 3	31932	16.3
1	5	3	4	5	1	4	2	0	2	1	3	3	 4	29451	16.3
1	5	3	4	5	1	4	2	0	2	1	3	3	 5	25456	9.3
1	5	3	4	5	1	4	2	0	2	1	3	3	 6	48336	4.7
1	5	3	4	5	1	4	2	0	2	1	3	3	 7	26330	9.8
1	5	3	4	5	1	4	2	0	2	1	3	3	 8	46816	5.3
1	5	3	4	5	1	4	2	0	2	1	3	3	 9	31946	16.3
1	5	4	1	2	4	3	2	1	3	2	2	1	 1	19986	38.0
1	5	4	1	2	4	3	2	1	3	2	2	1	10	45534	13.9
1	5	4	1	2	4	3	2	1	3	2	2	1	11	23812	29.3
1	5	4	1	2	4	3	2	1	3	2	2	1	12	23878	29.0
1	5	4	1	2	4	3	2	1	3	2	2	1	13	26542	65.7
1	5	4	1	2	4	3	2	1	3	2	2	1	17	55628	28.4
1	5	4	1	2	4	3	2	1	3	2	2	1	 2	21011	38.1
1	5	4	1	2	4	3	2	1	3	2	2	1	 3	29923	13.9
1	5	4	1	2	4	3	2	1	3	2	2	1	 4	27185	13.9
1	5	4	1	2	4	3	2	1	3	2	2	1	 5	25093	13.0
1	5	4	1	2	4	3	2	1	3	2	2	1	 6	46878	8.7
1	5	4	1	2	4	3	2	1	3	2	2	1	 7	25946	13.7
1	5	4	1	2	4	3	2	1	3	2	2	1	 8	45342	9.1
1	5	4	1	2	4	3	2	1	3	2	2	1	 9	29907	13.9
1	5	4	1	6	3	1	4	2	0	2	1	0	 1	24456	25.2
1	5	4	1	6	3	1	4	2	0	2	1	0	10	51398	11.4
1	5	4	1	6	3	1	4	2	0	2	1	0	11	25858	20.2
1	5	4	1	6	3	1	4	2	0	2	1	0	12	25729	20.1
1	5	4	1	6	3	1	4	2	0	2	1	0	13	29752	61.6
1	5	4	1	6	3	1	4	2	0	2	1	0	17	59338	19.7
1	5	4	1	6	3	1	4	2	0	2	1	0	 2	25423	25.2
1	5	4	1	6	3	1	4	2	0	2	1	0	 3	32506	11.8
1	5	4	1	6	3	1	4	2	0	2	1	0	 4	29055	11.8
1	5	4	1	6	3	1	4	2	0	2	1	0	 5	29415	11.3
1	5	4	1	6	3	1	4	2	0	2	1	0	 6	56864	7.9
1	5	4	1	6	3	1	4	2	0	2	1	0	 7	30412	11.8
1	5	4	1	6	3	1	4	2	0	2	1	0	 8	55363	8.5
1	5	4	1	6	3	1	4	2	0	2	1	0	 9	32402	11.4
1	5	4	2	3	1	0	4	3	1	1	0	5	 1	24578	37.3
1	5	4	2	3	1	0	4	3	1	1	0	5	10	53494	14.8
1	5	4	2	3	1	0	4	3	1	1	0	5	11	25289	30.3
1	5	4	2	3	1	0	4	3	1	1	0	5	12	25181	30.4
1	5	4	2	3	1	0	4	3	1	1	0	5	13	29776	66.1
1	5	4	2	3	1	0	4	3	1	1	0	5	17	59314	27.6
1	5	4	2	3	1	0	4	3	1	1	0	5	 2	25688	38.7
1	5	4	2	3	1	0	4	3	1	1	0	5	 3	33481	16.0
1	5	4	2	3	1	0	4	3	1	1	0	5	 4	29617	16.0
1	5	4	2	3	1	0	4	3	1	1	0	5	 5	29707	20.6
1	5	4	2	3	1	0	4	3	1	1	0	5	 6	59320	16.3
1	5	4	2	3	1	0	4	3	1	1	0	5	 7	30662	20.7
1	5	4	2	3	1	0	4	3	1	1	0	5	 8	57814	16.6
1	5	4	2	3	1	0	4	3	1	1	0	5	 9	33267	14.8
1	5	4	2	3	1	5	4	3	1	0	3	4	 1	24849	33.6
1	5	4	2	3	1	5	4	3	1	0	3	4	10	54149	12.3
1	5	4	2	3	1	5	4	3	1	0	3	4	11	25578	25.8
1	5	4	2	3	1	5	4	3	1	0	3	4	12	25313	25.8
1	5	4	2	3	1	5	4	3	1	0	3	4	13	30233	70.5
1	5	4	2	3	1	5	4	3	1	0	3	4	17	60590	23.4
1	5	4	2	3	1	5	4	3	1	0	3	4	 2	25097	35.6
1	5	4	2	3	1	5	4	3	1	0	3	4	 3	33532	12.3
1	5	4	2	3	1	5	4	3	1	0	3	4	 4	29338	12.3
1	5	4	2	3	1	5	4	3	1	0	3	4	 5	30146	16.8
1	5	4	2	3	1	5	4	3	1	0	3	4	 6	60590	11.5
1	5	4	2	3	1	5	4	3	1	0	3	4	 7	31197	17.1
1	5	4	2	3	1	5	4	3	1	0	3	4	 8	59108	12.1
1	5	4	2	3	1	5	4	3	1	0	3	4	 9	33533	12.3
1	6	5	2	3	1	0	4	4	2	1	1	5	 1	27402	55.3
1	6	5	2	3	1	0	4	4	2	1	1	5	10	61405	21.3
1	6	5	2	3	1	0	4	4	2	1	1	5	11	26645	49.0
1	6	5	2	3	1	0	4	4	2	1	1	5	12	26446	49.3
1	6	5	2	3	1	0	4	4	2	1	1	5	13	31870	71.2
1	6	5	2	3	1	0	4	4	2	1	1	5	17	62649	46.8
1	6	5	2	3	1	0	4	4	2	1	1	5	 2	27777	55.1
1	6	5	2	3	1	0	4	4	2	1	1	5	 3	37154	22.6
1	6	5	2	3	1	0	4	4	2	1	1	5	 4	32266	22.6
1	6	5	2	3	1	0	4	4	2	1	1	5	 5	33822	40.0
1	6	5	2	3	1	0	4	4	2	1	1	5	 6	67816	36.7
1	6	5	2	3	1	0	4	4	2	1	1	5	 7	34874	40.3
1	6	5	2	3	1	0	4	4	2	1	1	5	 8	66293	36.8
1	6	5	2	3	1	0	4	4	2	1	1	5	 9	36934	21.3
1	6	5	2	3	1	5	4	3	1	1	3	4	 1	24849	33.6
1	6	5	2	3	1	5	4	3	1	1	3	4	10	54149	12.3
1	6	5	2	3	1	5	4	3	1	1	3	4	11	25578	25.8
1	6	5	2	3	1	5	4	3	1	1	3	4	12	25313	25.8
1	6	5	2	3	1	5	4	3	1	1	3	4	13	30233	70.5
1	6	5	2	3	1	5	4	3	1	1	3	4	17	60590	23.4
1	6	5	2	3	1	5	4	3	1	1	3	4	 2	25097	35.6
1	6	5	2	3	1	5	4	3	1	1	3	4	 3	33532	12.3
1	6	5	2	3	1	5	4	3	1	1	3	4	 4	29338	12.3
1	6	5	2	3	1	5	4	3	1	1	3	4	 5	30146	16.8
1	6	5	2	3	1	5	4	3	1	1	3	4	 6	60590	11.5
1	6	5	2	3	1	5	4	3	1	1	3	4	 7	31197	17.1
1	6	5	2	3	1	5	4	3	1	1	3	4	 8	59108	12.1
1	6	5	2	3	1	5	4	3	1	1	3	4	 9	33533	12.3
1	6	5	3	4	2	1	0	5	2	2	2	2	 1	32745	52.9
1	6	5	3	4	2	1	0	5	2	2	2	2	10	70744	26.6
1	6	5	3	4	2	1	0	5	2	2	2	2	11	30486	53.8
1	6	5	3	4	2	1	0	5	2	2	2	2	12	30860	55.6
1	6	5	3	4	2	1	0	5	2	2	2	2	17	66514	53.3
1	6	5	3	4	2	1	0	5	2	2	2	2	 2	31096	52.9
1	6	5	3	4	2	1	0	5	2	2	2	2	 3	42059	28.0
1	6	5	3	4	2	1	0	5	2	2	2	2	 4	36361	28.0
1	6	5	3	4	2	1	0	5	2	2	2	2	 5	42129	49.5
1	6	5	3	4	2	1	0	5	2	2	2	2	 6	78654	49.6
1	6	5	3	4	2	1	0	5	2	2	2	2	 7	42943	51.1
1	6	5	3	4	2	1	0	5	2	2	2	2	 8	77003	50.0
1	6	5	3	4	2	1	0	5	2	2	2	2	 9	41862	26.6
1	6	5	3	6	3	3	3	2	1	1	1	1	 1	25290	27.1
1	6	5	3	6	3	3	3	2	1	1	1	1	10	55364	13.1
1	6	5	3	6	3	3	3	2	1	1	1	1	11	26318	20.9
1	6	5	3	6	3	3	3	2	1	1	1	1	12	26249	20.7
1	6	5	3	6	3	3	3	2	1	1	1	1	13	30507	61.9
1	6	5	3	6	3	3	3	2	1	1	1	1	17	59814	20.4
1	6	5	3	6	3	3	3	2	1	1	1	1	 2	26371	27.1
1	6	5	3	6	3	3	3	2	1	1	1	1	 3	34191	13.1
1	6	5	3	6	3	3	3	2	1	1	1	1	 4	30649	13.1
1	6	5	3	6	3	3	3	2	1	1	1	1	 5	30241	11.6
1	6	5	3	6	3	3	3	2	1	1	1	1	 6	58512	7.6
1	6	5	3	6	3	3	3	2	1	1	1	1	 7	31221	11.9
1	6	5	3	6	3	3	3	2	1	1	1	1	 8	57005	8.3
1	6	5	3	6	3	3	3	2	1	1	1	1	 9	34173	13.1
2	1	3	3	2	2	4	1	3	3	1	2	0	 1	25035	36.3
2	1	3	3	2	2	4	1	3	3	1	2	0	10	60229	43.8
2	1	3	3	2	2	4	1	3	3	1	2	0	11	26144	33.0
2	1	3	3	2	2	4	1	3	3	1	2	0	12	26320	33.1
2	1	3	3	2	2	4	1	3	3	1	2	0	13	30545	76.4
2	1	3	3	2	2	4	1	3	3	1	2	0	17	60111	29.1
2	1	3	3	2	2	4	1	3	3	1	2	0	 2	25090	38.4
2	1	3	3	2	2	4	1	3	3	1	2	0	 3	36924	43.8
2	1	3	3	2	2	4	1	3	3	1	2	0	 4	32365	43.8
2	1	3	3	2	2	4	1	3	3	1	2	0	 5	32023	18.1
2	1	3	3	2	2	4	1	3	3	1	2	0	 6	59673	18.1
2	1	3	3	2	2	4	1	3	3	1	2	0	 7	33008	18.9
2	1	3	3	2	2	4	1	3	3	1	2	0	 8	58101	18.8
2	1	3	3	2	2	4	1	3	3	1	2	0	 9	36930	43.8
2	1	3	3	2	2	4	1	3	3	1	2	5	 1	25231	31.2
2	1	3	3	2	2	4	1	3	3	1	2	5	10	59822	35.4
2	1	3	3	2	2	4	1	3	3	1	2	5	11	25989	27.9
2	1	3	3	2	2	4	1	3	3	1	2	5	12	25922	28.1
2	1	3	3	2	2	4	1	3	3	1	2	5	13	30626	76.0
2	1	3	3	2	2	4	1	3	3	1	2	5	17	59708	24.5
2	1	3	3	2	2	4	1	3	3	1	2	5	 2	26042	32.9
2	1	3	3	2	2	4	1	3	3	1	2	5	 3	36268	35.5
2	1	3	3	2	2	4	1	3	3	1	2	5	 4	31907	35.5
2	1	3	3	2	2	4	1	3	3	1	2	5	 5	30907	15.6
2	1	3	3	2	2	4	1	3	3	1	2	5	 7	31850	16.1
2	1	3	3	2	2	4	1	3	3	1	2	5	 8	59093	14.4
2	1	3	3	2	2	4	1	3	3	1	2	5	 9	36276	35.4
2	1	3	3	7	1	3	5	1	2	3	1	3	 1	23860	18.5
2	1	3	3	7	1	3	5	1	2	3	1	3	10	56514	17.2
2	1	3	3	7	1	3	5	1	2	3	1	3	11	25970	16.9
2	1	3	3	7	1	3	5	1	2	3	1	3	12	25726	16.9
2	1	3	3	7	1	3	5	1	2	3	1	3	13	29719	51.1
2	1	3	3	7	1	3	5	1	2	3	1	3	17	59558	16.6
2	1	3	3	7	1	3	5	1	2	3	1	3	 2	25031	18.5
2	1	3	3	7	1	3	5	1	2	3	1	3	 3	34518	17.2
2	1	3	3	7	1	3	5	1	2	3	1	3	 4	31412	17.2
2	1	3	3	7	1	3	5	1	2	3	1	3	 5	28555	9.8
2	1	3	3	7	1	3	5	1	2	3	1	3	 6	55066	6.3
2	1	3	3	7	1	3	5	1	2	3	1	3	 7	29565	10.2
2	1	3	3	7	1	3	5	1	2	3	1	3	 8	53574	6.7
2	1	3	3	7	1	3	5	1	2	3	1	3	 9	34516	17.2
2	1	3	3	7	2	3	5	1	2	3	1	2	 1	23830	18.8
2	1	3	3	7	2	3	5	1	2	3	1	2	10	56446	17.5
2	1	3	3	7	2	3	5	1	2	3	1	2	11	25948	17.1
2	1	3	3	7	2	3	5	1	2	3	1	2	12	25715	17.1
2	1	3	3	7	2	3	5	1	2	3	1	2	13	29671	51.4
2	1	3	3	7	2	3	5	1	2	3	1	2	17	59517	16.9
2	1	3	3	7	2	3	5	1	2	3	1	2	 2	25009	18.8
2	1	3	3	7	2	3	5	1	2	3	1	2	 3	34490	17.5
2	1	3	3	7	2	3	5	1	2	3	1	2	 4	31383	17.5
2	1	3	3	7	2	3	5	1	2	3	1	2	 5	28523	10.1
2	1	3	3	7	2	3	5	1	2	3	1	2	 6	54980	6.7
2	1	3	3	7	2	3	5	1	2	3	1	2	 7	29537	10.3
2	1	3	3	7	2	3	5	1	2	3	1	2	 8	53489	7.1
2	1	3	3	7	2	3	5	1	2	3	1	2	 9	34487	17.5
2	1	4	0	4	5	2	4	2	2	1	2	1	10	53324	20.8
2	1	4	0	4	5	2	4	2	2	1	2	1	13	28480	64.9
2	1	4	0	4	5	2	4	2	2	1	2	1	17	57962	23.0
2	1	4	0	4	5	2	4	2	2	1	2	1	 2	24655	30.4
2	1	4	0	4	5	2	4	2	2	1	2	1	 3	33031	21.0
2	1	4	0	4	5	2	4	2	2	1	2	1	 4	29742	21.0
2	1	4	0	4	5	2	4	2	2	1	2	1	 5	27483	13.6
2	1	4	0	4	5	2	4	2	2	1	2	1	 7	28399	13.8
2	1	4	0	4	5	2	4	2	2	1	2	1	 8	53508	9.3
2	1	4	0	4	5	2	4	2	2	1	2	1	 9	32987	20.8
2	1	4	0	5	1	3	1	4	1	2	1	4	 1	29445	50.7
2	1	4	0	5	1	3	1	4	1	2	1	4	10	62035	13.1
2	1	4	0	5	1	3	1	4	1	2	1	4	11	28326	48.8
2	1	4	0	5	1	3	1	4	1	2	1	4	12	28402	49.0
2	1	4	0	5	1	3	1	4	1	2	1	4	13	33692	71.4
2	1	4	0	5	1	3	1	4	1	2	1	4	17	63467	47.1
2	1	4	0	5	1	3	1	4	1	2	1	4	 2	29233	50.6
2	1	4	0	5	1	3	1	4	1	2	1	4	 4	32801	13.1
2	1	4	0	5	1	3	1	4	1	2	1	4	 5	36414	39.3
2	1	4	0	5	1	3	1	4	1	2	1	4	 6	70248	38.8
2	1	4	0	5	1	3	1	4	1	2	1	4	 7	37336	39.7
2	1	4	0	5	1	3	1	4	1	2	1	4	 8	68691	39.1
2	1	4	0	5	1	3	1	4	1	2	1	4	 9	37543	13.1
2	1	4	1	6	2	5	2	0	2	1	2	2	10	51413	18.9
2	1	4	1	6	2	5	2	0	2	1	2	2	11	25004	21.1
2	1	4	1	6	2	5	2	0	2	1	2	2	12	24985	20.9
2	1	4	1	6	2	5	2	0	2	1	2	2	17	56643	20.6
2	1	4	1	6	2	5	2	0	2	1	2	2	 3	32265	18.9
2	1	4	1	6	2	5	2	0	2	1	2	2	 4	29826	18.9
2	1	4	1	6	2	5	2	0	2	1	2	2	 5	25660	10.2
2	1	4	1	6	2	5	2	0	2	1	2	2	 6	48445	6.5
2	1	4	1	6	2	5	2	0	2	1	2	2	 7	26547	10.6
2	1	4	1	6	2	5	2	0	2	1	2	2	 8	46925	6.8
2	1	4	1	6	2	5	2	0	2	1	2	2	 9	32288	18.9
2	1	5	2	2	4	2	1	4	2	1	3	3	 1	27098	50.9
2	1	5	2	2	4	2	1	4	2	1	3	3	10	59895	22.1
2	1	5	2	2	4	2	1	4	2	1	3	3	11	26661	49.2
2	1	5	2	2	4	2	1	4	2	1	3	3	12	26710	49.5
2	1	5	2	2	4	2	1	4	2	1	3	3	13	32190	81.2
2	1	5	2	2	4	2	1	4	2	1	3	3	17	60873	46.2
2	1	5	2	2	4	2	1	4	2	1	3	3	 2	27584	50.3
2	1	5	2	2	4	2	1	4	2	1	3	3	 3	36441	22.3
2	1	5	2	2	4	2	1	4	2	1	3	3	 4	31894	22.3
2	1	5	2	2	4	2	1	4	2	1	3	3	 5	33375	38.3
2	1	5	2	2	4	2	1	4	2	1	3	3	 6	66186	37.3
2	1	5	2	2	4	2	1	4	2	1	3	3	 7	34216	38.8
2	1	5	2	2	4	2	1	4	2	1	3	3	 8	64635	37.7
2	1	5	2	2	4	2	1	4	2	1	3	3	 9	36392	22.1
2	1	5	2	2	5	4	2	1	3	2	1	1	 1	20169	37.7
2	1	5	2	2	5	4	2	1	3	2	1	1	11	23961	28.9
2	1	5	2	2	5	4	2	1	3	2	1	1	13	26770	65.4
2	1	5	2	2	5	4	2	1	3	2	1	1	17	56113	27.9
2	1	5	2	2	5	4	2	1	3	2	1	1	 2	21095	37.7
2	1	5	2	2	5	4	2	1	3	2	1	1	 3	30152	13.9
2	1	5	2	2	5	4	2	1	3	2	1	1	 4	27280	13.9
2	1	5	2	2	5	4	2	1	3	2	1	1	 5	25384	12.8
2	1	5	2	2	5	4	2	1	3	2	1	1	 6	47165	8.8
2	1	5	2	2	5	4	2	1	3	2	1	1	 7	26304	13.3
2	1	5	2	2	5	4	2	1	3	2	1	1	 8	45638	9.3
2	1	5	2	2	5	4	2	1	3	2	1	1	 9	30150	13.9
2	1	5	3	4	1	0	4	4	2	1	0	5	 1	28537	54.4
2	1	5	3	4	1	0	4	4	2	1	0	5	10	63918	22.9
2	1	5	3	4	1	0	4	4	2	1	0	5	11	27432	48.8
2	1	5	3	4	1	0	4	4	2	1	0	5	12	27279	48.9
2	1	5	3	4	1	0	4	4	2	1	0	5	13	32725	67.8
2	1	5	3	4	1	0	4	4	2	1	0	5	17	63979	46.6
2	1	5	3	4	1	0	4	4	2	1	0	5	 2	28611	54.4
2	1	5	3	4	1	0	4	4	2	1	0	5	 3	38432	24.4
2	1	5	3	4	1	0	4	4	2	1	0	5	 4	33320	24.4
2	1	5	3	4	1	0	4	4	2	1	0	5	 5	35383	39.5
2	1	5	3	4	1	0	4	4	2	1	0	5	 6	69618	37.1
2	1	5	3	4	1	0	4	4	2	1	0	5	 7	36492	40.0
2	1	5	3	4	1	0	4	4	2	1	0	5	 8	68127	37.4
2	1	5	3	4	1	0	4	4	2	1	0	5	 9	38184	22.9
2	2	1	3	4	2	1	4	3	1	1	3	4	 1	26061	30.6
2	2	1	3	4	2	1	4	3	1	1	3	4	10	56646	11.9
2	2	1	3	4	2	1	4	3	1	1	3	4	11	26298	23.5
2	2	1	3	4	2	1	4	3	1	1	3	4	12	26069	23.6
2	2	1	3	4	2	1	4	3	1	1	3	4	13	31234	68.7
2	2	1	3	4	2	1	4	3	1	1	3	4	17	61037	21.9
2	2	1	3	4	2	1	4	3	1	1	3	4	 2	26760	32.0
2	2	1	3	4	2	1	4	3	1	1	3	4	 3	34845	12.4
2	2	1	3	4	2	1	4	3	1	1	3	4	 4	30707	12.4
2	2	1	3	4	2	1	4	3	1	1	3	4	 5	31736	15.1
2	2	1	3	4	2	1	4	3	1	1	3	4	 6	62877	10.5
2	2	1	3	4	2	1	4	3	1	1	3	4	 7	32743	15.5
2	2	1	3	4	2	1	4	3	1	1	3	4	 8	61375	11.3
2	2	1	3	4	2	1	4	3	1	1	3	4	 9	34755	11.9
2	2	1	3	5	2	1	5	4	1	1	0	4	 1	29182	48.1
2	2	1	3	5	2	1	5	4	1	1	0	4	10	63069	13.8
2	2	1	3	5	2	1	5	4	1	1	0	4	11	28015	46.9
2	2	1	3	5	2	1	5	4	1	1	0	4	12	27766	47.1
2	2	1	3	5	2	1	5	4	1	1	0	4	13	33165	67.0
2	2	1	3	5	2	1	5	4	1	1	0	4	17	65644	44.7
2	2	1	3	5	2	1	5	4	1	1	0	4	 2	28703	47.9
2	2	1	3	5	2	1	5	4	1	1	0	4	 3	38078	14.2
2	2	1	3	5	2	1	5	4	1	1	0	4	 4	32744	14.2
2	2	1	3	5	2	1	5	4	1	1	0	4	 5	36688	38.0
2	2	1	3	5	2	1	5	4	1	1	0	4	 6	70988	36.4
2	2	1	3	5	2	1	5	4	1	1	0	4	 7	37893	38.5
2	2	1	3	5	2	1	5	4	1	1	0	4	 8	69511	36.7
2	2	1	3	5	2	1	5	4	1	1	0	4	 9	37942	13.8
2	2	2	0	1	5	4	4	3	2	1	1	1	10	51740	23.7
2	2	2	0	1	5	4	4	3	2	1	1	1	11	23960	36.6
2	2	2	0	1	5	4	4	3	2	1	1	1	12	23818	36.5
2	2	2	0	1	5	4	4	3	2	1	1	1	13	27851	65.9
2	2	2	0	1	5	4	4	3	2	1	1	1	17	58033	33.0
2	2	2	0	1	5	4	4	3	2	1	1	1	 3	32348	23.7
2	2	2	0	1	5	4	4	3	2	1	1	1	 4	28467	23.7
2	2	2	0	1	5	4	4	3	2	1	1	1	 5	27248	24.5
2	2	2	0	1	5	4	4	3	2	1	1	1	 7	28217	25.1
2	2	2	0	1	5	4	4	3	2	1	1	1	 8	54158	18.5
2	2	2	0	1	5	4	4	3	2	1	1	1	 9	32343	23.7
2	2	2	0	1	5	5	4	4	2	2	2	3	10	55722	23.3
2	2	2	0	1	5	5	4	4	2	2	2	3	11	24973	54.4
2	2	2	0	1	5	5	4	4	2	2	2	3	12	24690	54.8
2	2	2	0	1	5	5	4	4	2	2	2	3	13	29553	69.4
2	2	2	0	1	5	5	4	4	2	2	2	3	17	60906	51.1
2	2	2	0	1	5	5	4	4	2	2	2	3	 3	34152	23.3
2	2	2	0	1	5	5	4	4	2	2	2	3	 4	29348	23.3
2	2	2	0	1	5	5	4	4	2	2	2	3	 5	30065	43.8
2	2	2	0	1	5	5	4	4	2	2	2	3	 6	62570	39.1
2	2	2	0	1	5	5	4	4	2	2	2	3	 7	31180	44.2
2	2	2	0	1	5	5	4	4	2	2	2	3	 9	34153	23.3
2	2	4	0	4	0	2	5	2	3	1	2	1	 1	22945	25.2
2	2	4	0	4	0	2	5	2	3	1	2	1	10	53324	20.8
2	2	4	0	4	0	2	5	2	3	1	2	1	11	24784	23.6
2	2	4	0	4	0	2	5	2	3	1	2	1	12	24572	23.6
2	2	4	0	4	0	2	5	2	3	1	2	1	13	28416	64.7
2	2	4	0	4	0	2	5	2	3	1	2	1	17	58382	22.7
2	2	4	0	4	0	2	5	2	3	1	2	1	 2	24396	25.3
2	2	4	0	4	0	2	5	2	3	1	2	1	 3	33032	21.0
2	2	4	0	4	0	2	5	2	3	1	2	1	 4	29682	21.0
2	2	4	0	4	0	2	5	2	3	1	2	1	 5	27471	13.5
2	2	4	0	4	0	2	5	2	3	1	2	1	 6	55006	8.8
2	2	4	0	4	0	2	5	2	3	1	2	1	 7	28416	13.7
2	2	4	0	4	0	2	5	2	3	1	2	1	 8	53507	9.3
2	2	4	0	4	0	2	5	2	3	1	2	1	 9	32987	20.8
2	2	4	0	4	5	2	4	2	2	1	2	1	 1	23094	30.4
2	2	4	0	4	5	2	4	2	2	1	2	1	10	53324	20.8
2	2	4	0	4	5	2	4	2	2	1	2	1	11	24843	23.8
2	2	4	0	4	5	2	4	2	2	1	2	1	12	24714	23.8
2	2	4	0	4	5	2	4	2	2	1	2	1	13	28480	64.9
2	2	4	0	4	5	2	4	2	2	1	2	1	17	57962	23.0
2	2	4	0	4	5	2	4	2	2	1	2	1	 2	24655	30.4
2	2	4	0	4	5	2	4	2	2	1	2	1	 3	33031	21.0
2	2	4	0	4	5	2	4	2	2	1	2	1	 4	29742	21.0
2	2	4	0	4	5	2	4	2	2	1	2	1	 5	27483	13.6
2	2	4	0	4	5	2	4	2	2	1	2	1	 6	55014	8.8
2	2	4	0	4	5	2	4	2	2	1	2	1	 7	28399	13.8
2	2	4	0	4	5	2	4	2	2	1	2	1	 8	53508	9.3
2	2	4	0	4	5	2	4	2	2	1	2	1	 9	32987	20.8
2	2	4	1	5	0	3	0	3	0	1	3	2	 1	26996	17.1
2	2	4	1	5	0	3	0	3	0	1	3	2	10	56366	9.7
2	2	4	1	5	0	3	0	3	0	1	3	2	11	27549	17.1
2	2	4	1	5	0	3	0	3	0	1	3	2	12	27798	18.7
2	2	4	1	5	0	3	0	3	0	1	3	2	13	32423	64.5
2	2	4	1	5	0	3	0	3	0	1	3	2	17	61062	15.4
2	2	4	1	5	0	3	0	3	0	1	3	2	 2	26162	18.2
2	2	4	1	5	0	3	0	3	0	1	3	2	 3	35598	9.7
2	2	4	1	5	0	3	0	3	0	1	3	2	 4	31162	9.7
2	2	4	1	5	0	3	0	3	0	1	3	2	 5	34695	11.6
2	2	4	1	5	0	3	0	3	0	1	3	2	 6	62708	11.0
2	2	4	1	5	0	3	0	3	0	1	3	2	 7	35572	12.2
2	2	4	1	5	0	3	0	3	0	1	3	2	 8	61095	11.5
2	2	4	1	5	0	3	0	3	0	1	3	2	 9	35523	9.7
2	2	4	1	5	1	3	1	3	0	2	0	3	 1	26621	31.6
2	2	4	1	5	1	3	1	3	0	2	0	3	10	55408	11.0
2	2	4	1	5	1	3	1	3	0	2	0	3	11	27116	29.0
2	2	4	1	5	1	3	1	3	0	2	0	3	12	27305	29.0
2	2	4	1	5	1	3	1	3	0	2	0	3	13	31744	66.6
2	2	4	1	5	1	3	1	3	0	2	0	3	17	60920	26.8
2	2	4	1	5	1	3	1	3	0	2	0	3	 2	26449	32.8
2	2	4	1	5	1	3	1	3	0	2	0	3	 3	34837	10.9
2	2	4	1	5	1	3	1	3	0	2	0	3	 4	30598	10.9
2	2	4	1	5	1	3	1	3	0	2	0	3	 5	33438	17.3
2	2	4	1	5	1	3	1	3	0	2	0	3	 6	61989	16.9
2	2	4	1	5	1	3	1	3	0	2	0	3	 7	34352	17.7
2	2	4	1	5	1	3	1	3	0	2	0	3	 8	60411	17.3
2	2	4	1	5	1	3	1	3	0	2	0	3	 9	34807	11.0
2	2	4	1	5	1	4	2	4	1	3	1	5	 1	29485	55.7
2	2	4	1	5	1	4	2	4	1	3	1	5	10	62300	13.2
2	2	4	1	5	1	4	2	4	1	3	1	5	11	28184	49.3
2	2	4	1	5	1	4	2	4	1	3	1	5	12	28091	49.3
2	2	4	1	5	1	4	2	4	1	3	1	5	13	33484	71.6
2	2	4	1	5	1	4	2	4	1	3	1	5	17	64182	47.5
2	2	4	1	5	1	4	2	4	1	3	1	5	 2	29581	55.4
2	2	4	1	5	1	4	2	4	1	3	1	5	 3	37542	13.2
2	2	4	1	5	1	4	2	4	1	3	1	5	 4	32534	13.2
2	2	4	1	5	1	4	2	4	1	3	1	5	 5	36299	39.1
2	2	4	1	5	1	4	2	4	1	3	1	5	 6	70879	36.6
2	2	4	1	5	1	4	2	4	1	3	1	5	 7	37366	39.7
2	2	4	1	5	1	4	2	4	1	3	1	5	 8	69373	37.1
2	2	4	1	5	1	4	2	4	1	3	1	5	 9	37529	13.2
2	2	4	4	4	4	2	4	1	2	0	2	0	 1	21847	26.7
2	2	4	4	4	4	2	4	1	2	0	2	0	10	51378	18.8
2	2	4	4	4	4	2	4	1	2	0	2	0	11	24611	21.3
2	2	4	4	4	4	2	4	1	2	0	2	0	12	24514	21.3
2	2	4	4	4	4	2	4	1	2	0	2	0	13	28126	58.6
2	2	4	4	4	4	2	4	1	2	0	2	0	17	56847	20.8
2	2	4	4	4	4	2	4	1	2	0	2	0	 2	23569	26.8
2	2	4	4	4	4	2	4	1	2	0	2	0	 3	32084	19.0
2	2	4	4	4	4	2	4	1	2	0	2	0	 4	29387	19.0
2	2	4	4	4	4	2	4	1	2	0	2	0	 5	25903	12.8
2	2	4	4	4	4	2	4	1	2	0	2	0	 6	51056	8.1
2	2	4	4	4	4	2	4	1	2	0	2	0	 7	26777	13.0
2	2	4	4	4	4	2	4	1	2	0	2	0	 8	49546	8.4
2	2	4	4	4	4	2	4	1	2	0	2	0	 9	32046	18.8
2	2	5	1	6	2	4	2	5	1	3	1	5	 1	33708	68.7
2	2	5	1	6	2	4	2	5	1	3	1	5	10	70554	13.1
2	2	5	1	6	2	4	2	5	1	3	1	5	11	30770	61.1
2	2	5	1	6	2	4	2	5	1	3	1	5	12	30638	61.2
2	2	5	1	6	2	4	2	5	1	3	1	5	13	36602	73.5
2	2	5	1	6	2	4	2	5	1	3	1	5	17	69466	61.1
2	2	5	1	6	2	4	2	5	1	3	1	5	 2	32374	68.8
2	2	5	1	6	2	4	2	5	1	3	1	5	 3	41561	13.1
2	2	5	1	6	2	4	2	5	1	3	1	5	 4	35381	13.1
2	2	5	1	6	2	4	2	5	1	3	1	5	 5	42968	52.1
2	2	5	1	6	2	4	2	5	1	3	1	5	 6	81791	48.0
2	2	5	1	6	2	4	2	5	1	3	1	5	 7	44184	52.9
2	2	5	1	6	2	4	2	5	1	3	1	5	 8	80294	48.0
2	2	5	1	6	2	4	2	5	1	3	1	5	 9	41538	13.1
2	2	5	1	7	3	1	4	2	0	2	1	5	 1	25426	22.7
2	2	5	1	7	3	1	4	2	0	2	1	5	10	53471	10.4
2	2	5	1	7	3	1	4	2	0	2	1	5	11	26508	17.4
2	2	5	1	7	3	1	4	2	0	2	1	5	12	26309	17.4
2	2	5	1	7	3	1	4	2	0	2	1	5	13	30580	59.4
2	2	5	1	7	3	1	4	2	0	2	1	5	17	60450	17.3
2	2	5	1	7	3	1	4	2	0	2	1	5	 2	26081	22.7
2	2	5	1	7	3	1	4	2	0	2	1	5	 3	33489	11.0
2	2	5	1	7	3	1	4	2	0	2	1	5	 4	29861	11.0
2	2	5	1	7	3	1	4	2	0	2	1	5	 5	30676	9.4
2	2	5	1	7	3	1	4	2	0	2	1	5	 6	58984	5.8
2	2	5	1	7	3	1	4	2	0	2	1	5	 7	31718	9.8
2	2	5	1	7	3	1	4	2	0	2	1	5	 8	57488	6.3
2	2	5	1	7	3	1	4	2	0	2	1	5	 9	33392	10.4
2	2	5	2	1	3	1	4	2	3	2	0	3	 1	21037	38.8
2	2	5	2	1	3	1	4	2	3	2	0	3	10	49217	22.0
2	2	5	2	1	3	1	4	2	3	2	0	3	11	23550	29.3
2	2	5	2	1	3	1	4	2	3	2	0	3	12	23463	29.3
2	2	5	2	1	3	1	4	2	3	2	0	3	13	27079	64.1
2	2	5	2	1	3	1	4	2	3	2	0	3	17	56135	27.8
2	2	5	2	1	3	1	4	2	3	2	0	3	 2	22675	39.6
2	2	5	2	1	3	1	4	2	3	2	0	3	 3	31202	22.4
2	2	5	2	1	3	1	4	2	3	2	0	3	 4	28148	22.4
2	2	5	2	1	3	1	4	2	3	2	0	3	 5	25294	16.4
2	2	5	2	1	3	1	4	2	3	2	0	3	 6	51079	9.8
2	2	5	2	1	3	1	4	2	3	2	0	3	 7	26133	16.6
2	2	5	2	1	3	1	4	2	3	2	0	3	 8	49562	10.5
2	2	5	2	1	3	1	4	2	3	2	0	3	 9	31104	22.0
2	2	5	2	2	4	2	0	3	1	3	2	1	 1	24595	23.4
2	2	5	2	2	4	2	0	3	1	3	2	1	10	54388	13.2
2	2	5	2	2	4	2	0	3	1	3	2	1	11	26168	22.0
2	2	5	2	2	4	2	0	3	1	3	2	1	12	26641	23.5
2	2	5	2	2	4	2	0	3	1	3	2	1	13	30683	72.0
2	2	5	2	2	4	2	0	3	1	3	2	1	17	59057	19.2
2	2	5	2	2	4	2	0	3	1	3	2	1	 2	23835	25.7
2	2	5	2	2	4	2	0	3	1	3	2	1	 3	34994	13.4
2	2	5	2	2	4	2	0	3	1	3	2	1	 4	30637	13.4
2	2	5	2	2	4	2	0	3	1	3	2	1	 5	33079	12.8
2	2	5	2	2	4	2	0	3	1	3	2	1	 6	58030	12.5
2	2	5	2	2	4	2	0	3	1	3	2	1	 7	33932	14.2
2	2	5	2	2	4	2	0	3	1	3	2	1	 8	56372	13.6
2	2	5	2	2	4	2	0	3	1	3	2	1	 9	34916	13.2
2	2	5	2	2	5	3	1	5	2	1	0	3	 1	29540	68.8
2	2	5	2	2	5	3	1	5	2	1	0	3	10	64251	26.3
2	2	5	2	2	5	3	1	5	2	1	0	3	11	28229	65.8
2	2	5	2	2	5	3	1	5	2	1	0	3	12	28446	65.8
2	2	5	2	2	5	3	1	5	2	1	0	3	13	34676	74.0
2	2	5	2	2	5	3	1	5	2	1	0	3	17	63953	65.4
2	2	5	2	2	5	3	1	5	2	1	0	3	 2	29096	68.9
2	2	5	2	2	5	3	1	5	2	1	0	3	 3	38703	26.3
2	2	5	2	2	5	3	1	5	2	1	0	3	 4	33208	26.3
2	2	5	2	2	5	3	1	5	2	1	0	3	 5	37607	55.4
2	2	5	2	2	5	3	1	5	2	1	0	3	 6	72646	50.0
2	2	5	2	2	5	3	1	5	2	1	0	3	 7	38512	56.1
2	2	5	2	2	5	3	1	5	2	1	0	3	 8	71058	50.0
2	2	5	2	2	5	3	1	5	2	1	0	3	 9	38664	26.3
2	2	6	2	2	5	3	1	5	2	1	3	3	 1	29788	65.6
2	2	6	2	2	5	3	1	5	2	1	3	3	10	64499	23.1
2	2	6	2	2	5	3	1	5	2	1	3	3	11	28152	64.0
2	2	6	2	2	5	3	1	5	2	1	3	3	12	28153	64.2
2	2	6	2	2	5	3	1	5	2	1	3	3	13	34658	76.8
2	2	6	2	2	5	3	1	5	2	1	3	3	17	64110	62.9
2	2	6	2	2	5	3	1	5	2	1	3	3	 2	29634	65.6
2	2	6	2	2	5	3	1	5	2	1	3	3	 3	38595	23.1
2	2	6	2	2	5	3	1	5	2	1	3	3	 4	33146	23.1
2	2	6	2	2	5	3	1	5	2	1	3	3	 5	37376	53.6
2	2	6	2	2	5	3	1	5	2	1	3	3	 6	73950	50.0
2	2	6	2	2	5	3	1	5	2	1	3	3	 7	38318	54.5
2	2	6	2	2	5	3	1	5	2	1	3	3	 8	72409	50.0
2	2	6	2	2	5	3	1	5	2	1	3	3	 9	38567	23.1
2	2	6	3	4	1	5	3	2	0	3	2	2	 1	23427	30.0
2	2	6	3	4	1	5	3	2	0	3	2	2	10	49002	11.3
2	2	6	3	4	1	5	3	2	0	3	2	2	11	25225	22.9
2	2	6	3	4	1	5	3	2	0	3	2	2	12	25100	22.7
2	2	6	3	4	1	5	3	2	0	3	2	2	13	29229	64.0
2	2	6	3	4	1	5	3	2	0	3	2	2	17	58438	22.0
2	2	6	3	4	1	5	3	2	0	3	2	2	 2	24113	30.2
2	2	6	3	4	1	5	3	2	0	3	2	2	 3	31219	11.3
2	2	6	3	4	1	5	3	2	0	3	2	2	 4	27788	11.3
2	2	6	3	4	1	5	3	2	0	3	2	2	 5	27968	12.7
2	2	6	3	4	1	5	3	2	0	3	2	2	 6	54776	7.1
2	2	6	3	4	1	5	3	2	0	3	2	2	 7	28953	13.1
2	2	6	3	4	1	5	3	2	0	3	2	2	 8	53284	7.4
2	2	6	3	4	1	5	3	2	0	3	2	2	 9	31219	11.3
2	3	1	3	3	0	4	2	1	2	1	0	4	 1	21323	34.5
2	3	1	3	3	0	4	2	1	2	1	0	4	10	50986	21.4
2	3	1	3	3	0	4	2	1	2	1	0	4	11	24538	26.9
2	3	1	3	3	0	4	2	1	2	1	0	4	12	24593	26.7
2	3	1	3	3	0	4	2	1	2	1	0	4	13	27637	62.6
2	3	1	3	3	0	4	2	1	2	1	0	4	17	56911	26.2
2	3	1	3	3	0	4	2	1	2	1	0	4	 2	22294	34.5
2	3	1	3	3	0	4	2	1	2	1	0	4	 3	32347	21.4
2	3	1	3	3	0	4	2	1	2	1	0	4	 4	29350	21.4
2	3	1	3	3	0	4	2	1	2	1	0	4	 5	26457	12.1
2	3	1	3	3	0	4	2	1	2	1	0	4	 6	49539	8.8
2	3	1	3	3	0	4	2	1	2	1	0	4	 7	27379	12.8
2	3	1	3	3	0	4	2	1	2	1	0	4	 8	48008	9.4
2	3	1	3	3	0	4	2	1	2	1	0	4	 9	32359	21.4
2	3	1	3	3	0	4	2	1	2	2	1	4	 1	21350	32.6
2	3	1	3	3	0	4	2	1	2	2	1	4	10	50654	19.7
2	3	1	3	3	0	4	2	1	2	2	1	4	11	24478	25.1
2	3	1	3	3	0	4	2	1	2	2	1	4	12	24466	24.9
2	3	1	3	3	0	4	2	1	2	2	1	4	13	27689	60.9
2	3	1	3	3	0	4	2	1	2	2	1	4	17	56574	24.2
2	3	1	3	3	0	4	2	1	2	2	1	4	 2	22643	32.6
2	3	1	3	3	0	4	2	1	2	2	1	4	 3	31978	19.7
2	3	1	3	3	0	4	2	1	2	2	1	4	 4	29095	19.7
2	3	1	3	3	0	4	2	1	2	2	1	4	 5	25950	11.3
2	3	1	3	3	0	4	2	1	2	2	1	4	 6	49775	7.1
2	3	1	3	3	0	4	2	1	2	2	1	4	 7	26826	11.8
2	3	1	3	3	0	4	2	1	2	2	1	4	 8	48253	7.8
2	3	1	3	3	0	4	2	1	2	2	1	4	 9	31990	19.7
2	3	1	3	4	0	4	2	1	2	1	0	4	 1	22047	31.5
2	3	1	3	4	0	4	2	1	2	1	0	4	10	52484	20.9
2	3	1	3	4	0	4	2	1	2	1	0	4	11	24946	25.0
2	3	1	3	4	0	4	2	1	2	1	0	4	12	24996	24.8
2	3	1	3	4	0	4	2	1	2	1	0	4	13	28224	60.1
2	3	1	3	4	0	4	2	1	2	1	0	4	17	57310	24.3
2	3	1	3	4	0	4	2	1	2	1	0	4	 2	23071	31.5
2	3	1	3	4	0	4	2	1	2	1	0	4	 3	32980	20.9
2	3	1	3	4	0	4	2	1	2	1	0	4	 4	29966	20.9
2	3	1	3	4	0	4	2	1	2	1	0	4	 5	27066	11.5
2	3	1	3	4	0	4	2	1	2	1	0	4	 6	50853	8.4
2	3	1	3	4	0	4	2	1	2	1	0	4	 7	27982	12.1
2	3	1	3	4	0	4	2	1	2	1	0	4	 8	49322	9.0
2	3	1	3	4	0	4	2	1	2	1	0	4	 9	32993	20.9
2	3	1	3	4	1	4	2	1	3	2	1	5	 1	21820	29.1
2	3	1	3	4	1	4	2	1	3	2	1	5	10	48819	12.2
2	3	1	3	4	1	4	2	1	3	2	1	5	11	24765	22.2
2	3	1	3	4	1	4	2	1	3	2	1	5	12	24738	22.0
2	3	1	3	4	1	4	2	1	3	2	1	5	13	28123	58.6
2	3	1	3	4	1	4	2	1	3	2	1	5	17	56613	21.7
2	3	1	3	4	1	4	2	1	3	2	1	5	 2	23192	29.2
2	3	1	3	4	1	4	2	1	3	2	1	5	 3	31144	12.2
2	3	1	3	4	1	4	2	1	3	2	1	5	 4	28337	12.2
2	3	1	3	4	1	4	2	1	3	2	1	5	 5	26177	10.5
2	3	1	3	4	1	4	2	1	3	2	1	5	 6	50321	6.1
2	3	1	3	4	1	4	2	1	3	2	1	5	 7	27040	10.9
2	3	1	3	4	1	4	2	1	3	2	1	5	 8	48798	6.8
2	3	1	3	4	1	4	2	1	3	2	1	5	 9	31145	12.2
2	3	1	3	4	1	5	4	2	0	3	2	2	 1	23240	27.4
2	3	1	3	4	1	5	4	2	0	3	2	2	10	49002	11.3
2	3	1	3	4	1	5	4	2	0	3	2	2	11	25128	21.0
2	3	1	3	4	1	5	4	2	0	3	2	2	12	24924	21.0
2	3	1	3	4	1	5	4	2	0	3	2	2	13	29138	63.3
2	3	1	3	4	1	5	4	2	0	3	2	2	17	58761	20.3
2	3	1	3	4	1	5	4	2	0	3	2	2	 2	24467	27.6
2	3	1	3	4	1	5	4	2	0	3	2	2	 3	31219	11.3
2	3	1	3	4	1	5	4	2	0	3	2	2	 4	27746	11.3
2	3	1	3	4	1	5	4	2	0	3	2	2	 5	27946	11.6
2	3	1	3	4	1	5	4	2	0	3	2	2	 6	54762	7.1
2	3	1	3	4	1	5	4	2	0	3	2	2	 7	28968	12.0
2	3	1	3	4	1	5	4	2	0	3	2	2	 8	53278	7.4
2	3	1	3	4	1	5	4	2	0	3	2	2	 9	31219	11.3
2	3	2	0	6	3	3	2	1	0	3	2	3	 1	22459	26.7
2	3	2	0	6	3	3	2	1	0	3	2	3	10	47600	10.4
2	3	2	0	6	3	3	2	1	0	3	2	3	11	25206	20.5
2	3	2	0	6	3	3	2	1	0	3	2	3	12	25175	20.4
2	3	2	0	6	3	3	2	1	0	3	2	3	13	28441	54.3
2	3	2	0	6	3	3	2	1	0	3	2	3	17	56890	20.2
2	3	2	0	6	3	3	2	1	0	3	2	3	 2	23709	26.7
2	3	2	0	6	3	3	2	1	0	3	2	3	 3	30676	10.4
2	3	2	0	6	3	3	2	1	0	3	2	3	 4	27923	10.4
2	3	2	0	6	3	3	2	1	0	3	2	3	 5	26842	10.0
2	3	2	0	6	3	3	2	1	0	3	2	3	 6	51170	5.4
2	3	2	0	6	3	3	2	1	0	3	2	3	 7	27702	10.4
2	3	2	0	6	3	3	2	1	0	3	2	3	 8	49644	5.9
2	3	2	0	6	3	3	2	1	0	3	2	3	 9	30662	10.4
2	3	2	0	6	4	3	2	1	3	2	2	2	 1	22698	27.4
2	3	2	0	6	4	3	2	1	3	2	2	2	10	50573	12.8
2	3	2	0	6	4	3	2	1	3	2	2	2	11	25294	21.7
2	3	2	0	6	4	3	2	1	3	2	2	2	12	25296	21.5
2	3	2	0	6	4	3	2	1	3	2	2	2	13	28511	54.9
2	3	2	0	6	4	3	2	1	3	2	2	2	17	57105	21.1
2	3	2	0	6	4	3	2	1	3	2	2	2	 2	24002	27.4
2	3	2	0	6	4	3	2	1	3	2	2	2	 3	31977	12.8
2	3	2	0	6	4	3	2	1	3	2	2	2	 4	29216	12.8
2	3	2	0	6	4	3	2	1	3	2	2	2	 5	27100	10.6
2	3	2	0	6	4	3	2	1	3	2	2	2	 6	51863	6.7
2	3	2	0	6	4	3	2	1	3	2	2	2	 7	27950	11.0
2	3	2	0	6	4	3	2	1	3	2	2	2	 8	50333	7.0
2	3	2	0	6	4	3	2	1	3	2	2	2	 9	31965	12.8
2	3	2	1	1	5	5	4	4	2	2	1	2	10	56036	24.0
2	3	2	1	1	5	5	4	4	2	2	1	2	11	25083	54.7
2	3	2	1	1	5	5	4	4	2	2	1	2	12	24867	54.9
2	3	2	1	1	5	5	4	4	2	2	1	2	13	29761	65.3
2	3	2	1	1	5	5	4	4	2	2	1	2	17	60864	51.7
2	3	2	1	1	5	5	4	4	2	2	1	2	 3	34338	24.0
2	3	2	1	1	5	5	4	4	2	2	1	2	 4	29541	24.1
2	3	2	1	1	5	5	4	4	2	2	1	2	 5	30318	43.9
2	3	2	1	1	5	5	4	4	2	2	1	2	 6	62580	39.5
2	3	2	1	1	5	5	4	4	2	2	1	2	 7	31429	44.4
2	3	2	1	1	5	5	4	4	2	2	1	2	 8	61122	39.7
2	3	2	1	1	5	5	4	4	2	2	1	2	 9	34337	24.0
2	3	3	1	1	4	3	3	2	1	0	3	4	10	46871	13.5
2	3	3	1	1	4	3	3	2	1	0	3	4	11	23581	27.2
2	3	3	1	1	4	3	3	2	1	0	3	4	12	23450	27.0
2	3	3	1	1	4	3	3	2	1	0	3	4	13	27131	68.9
2	3	3	1	1	4	3	3	2	1	0	3	4	17	56095	25.7
2	3	3	1	1	4	3	3	2	1	0	3	4	 3	30199	13.5
2	3	3	1	1	4	3	3	2	1	0	3	4	 4	27015	13.5
2	3	3	1	1	4	3	3	2	1	0	3	4	 5	25498	13.8
2	3	3	1	1	4	3	3	2	1	0	3	4	 6	50776	5.5
2	3	3	1	1	4	3	3	2	1	0	3	4	 7	26377	14.3
2	3	3	1	1	4	3	3	2	1	0	3	4	 8	49262	6.5
2	3	3	1	1	4	3	3	2	1	0	3	4	 9	30184	13.5
2	3	3	1	1	5	4	3	3	1	1	1	0	10	49461	15.8
2	3	3	1	1	5	4	3	3	1	1	1	0	11	24259	38.0
2	3	3	1	1	5	4	3	3	1	1	1	0	12	24198	37.7
2	3	3	1	1	5	4	3	3	1	1	1	0	13	28189	69.6
2	3	3	1	1	5	4	3	3	1	1	1	0	17	57671	34.0
2	3	3	1	1	5	4	3	3	1	1	1	0	 3	31380	15.8
2	3	3	1	1	5	4	3	3	1	1	1	0	 4	27665	15.8
2	3	3	1	1	5	4	3	3	1	1	1	0	 5	27319	24.4
2	3	3	1	1	5	4	3	3	1	1	1	0	 6	55301	17.9
2	3	3	1	1	5	4	3	3	1	1	1	0	 7	28224	24.8
2	3	3	1	1	5	4	3	3	1	1	1	0	 8	53793	18.2
2	3	3	1	1	5	4	3	3	1	1	1	0	 9	31374	15.8
2	3	3	1	2	0	5	4	4	2	2	2	2	 1	25942	57.7
2	3	3	1	2	0	5	4	4	2	2	2	2	10	58362	23.1
2	3	3	1	2	0	5	4	4	2	2	2	2	11	25789	52.0
2	3	3	1	2	0	5	4	4	2	2	2	2	12	25547	52.3
2	3	3	1	2	0	5	4	4	2	2	2	2	13	30616	69.3
2	3	3	1	2	0	5	4	4	2	2	2	2	17	61994	49.4
2	3	3	1	2	0	5	4	4	2	2	2	2	 2	26789	57.6
2	3	3	1	2	0	5	4	4	2	2	2	2	 3	35461	23.1
2	3	3	1	2	0	5	4	4	2	2	2	2	 4	30490	23.1
2	3	3	1	2	0	5	4	4	2	2	2	2	 5	31865	42.6
2	3	3	1	2	0	5	4	4	2	2	2	2	 6	64936	38.3
2	3	3	1	2	0	5	4	4	2	2	2	2	 7	32999	42.6
2	3	3	1	2	0	5	4	4	2	2	2	2	 8	63474	38.7
2	3	3	1	2	0	5	4	4	2	2	2	2	 9	35461	23.1
2	3	3	1	3	1	1	1	0	0	3	3	4	 1	19116	20.7
2	3	3	1	3	1	1	1	0	0	3	3	4	10	42110	9.8
2	3	3	1	3	1	1	1	0	0	3	3	4	11	23914	19.9
2	3	3	1	3	1	1	1	0	0	3	3	4	12	23986	20.0
2	3	3	1	3	1	1	1	0	0	3	3	4	13	26217	49.7
2	3	3	1	3	1	1	1	0	0	3	3	4	17	54499	18.9
2	3	3	1	3	1	1	1	0	0	3	3	4	 2	19940	20.8
2	3	3	1	3	1	1	1	0	0	3	3	4	 3	28562	10.4
2	3	3	1	3	1	1	1	0	0	3	3	4	 4	26378	10.4
2	3	3	1	3	1	1	1	0	0	3	3	4	 5	24234	8.0
2	3	3	1	3	1	1	1	0	0	3	3	4	 6	43896	4.8
2	3	3	1	3	1	1	1	0	0	3	3	4	 7	25000	8.5
2	3	3	1	3	1	1	1	0	0	3	3	4	 9	28479	9.8
2	3	3	2	4	3	3	3	3	2	2	2	3	 1	26112	35.8
2	3	3	2	4	3	3	3	3	2	2	2	3	10	58934	19.7
2	3	3	2	4	3	3	3	3	2	2	2	3	11	26247	28.2
2	3	3	2	4	3	3	3	3	2	2	2	3	12	26113	28.1
2	3	3	2	4	3	3	3	3	2	2	2	3	13	30893	71.6
2	3	3	2	4	3	3	3	3	2	2	2	3	17	60719	26.1
2	3	3	2	4	3	3	3	3	2	2	2	3	 2	27096	37.4
2	3	3	2	4	3	3	3	3	2	2	2	3	 3	35732	19.7
2	3	3	2	4	3	3	3	3	2	2	2	3	 4	31551	19.7
2	3	3	2	4	3	3	3	3	2	2	2	3	 5	31458	18.6
2	3	3	2	4	3	3	3	3	2	2	2	3	 6	62646	14.2
2	3	3	2	4	3	3	3	3	2	2	2	3	 7	32452	18.9
2	3	3	2	4	3	3	3	3	2	2	2	3	 8	61144	14.6
2	3	3	2	4	3	3	3	3	2	2	2	3	 9	35717	19.7
2	3	3	2	5	4	5	0	1	1	1	2	3	 1	22868	9.6
2	3	3	2	5	4	5	0	1	1	1	2	3	10	52746	11.5
2	3	3	2	5	4	5	0	1	1	1	2	3	11	25882	9.8
2	3	3	2	5	4	5	0	1	1	1	2	3	12	26112	11.3
2	3	3	2	5	4	5	0	1	1	1	2	3	13	29014	54.9
2	3	3	2	5	4	5	0	1	1	1	2	3	17	58007	9.7
2	3	3	2	5	4	5	0	1	1	1	2	3	 2	21894	9.6
2	3	3	2	5	4	5	0	1	1	1	2	3	 3	33937	11.5
2	3	3	2	5	4	5	0	1	1	1	2	3	 4	30555	11.5
2	3	3	2	5	4	5	0	1	1	1	2	3	 5	29724	3.7
2	3	3	2	5	4	5	0	1	1	1	2	3	 6	51610	3.3
2	3	3	2	5	4	5	0	1	1	1	2	3	 7	30665	4.3
2	3	3	2	5	4	5	0	1	1	1	2	3	 8	50009	3.9
2	3	3	2	5	4	5	0	1	1	1	2	3	 9	33944	11.5
2	3	4	3	6	0	1	2	2	2	2	3	0	 1	25791	28.7
2	3	4	3	6	0	1	2	2	2	2	3	0	10	59305	20.4
2	3	4	3	6	0	1	2	2	2	2	3	0	11	26648	22.4
2	3	4	3	6	0	1	2	2	2	2	3	0	12	26704	22.3
2	3	4	3	6	0	1	2	2	2	2	3	0	13	30858	62.8
2	3	4	3	6	0	1	2	2	2	2	3	0	17	59803	21.9
2	3	4	3	6	0	1	2	2	2	2	3	0	 2	26708	28.8
2	3	4	3	6	0	1	2	2	2	2	3	0	 3	36140	20.8
2	3	4	3	6	0	1	2	2	2	2	3	0	 4	32675	20.8
2	3	4	3	6	0	1	2	2	2	2	3	0	 5	30990	11.3
2	3	4	3	6	0	1	2	2	2	2	3	0	 6	59335	8.2
2	3	4	3	6	0	1	2	2	2	2	3	0	 7	31879	12.0
2	3	4	3	6	0	1	2	2	2	2	3	0	 8	57795	8.9
2	3	4	3	6	0	1	2	2	2	2	3	0	 9	36035	20.4
2	3	6	2	2	4	2	0	3	1	3	2	1	 1	24595	23.4
2	3	6	2	2	4	2	0	3	1	3	2	1	10	54388	13.2
2	3	6	2	2	4	2	0	3	1	3	2	1	11	26168	22.0
2	3	6	2	2	4	2	0	3	1	3	2	1	12	26641	23.5
2	3	6	2	2	4	2	0	3	1	3	2	1	13	30683	72.0
2	3	6	2	2	4	2	0	3	1	3	2	1	17	59057	19.2
2	3	6	2	2	4	2	0	3	1	3	2	1	 2	23835	25.7
2	3	6	2	2	4	2	0	3	1	3	2	1	 3	34994	13.4
2	3	6	2	2	4	2	0	3	1	3	2	1	 4	30637	13.4
2	3	6	2	2	4	2	0	3	1	3	2	1	 5	33079	12.8
2	3	6	2	2	4	2	0	3	1	3	2	1	 6	58030	12.5
2	3	6	2	2	4	2	0	3	1	3	2	1	 7	33932	14.2
2	3	6	2	2	4	2	0	3	1	3	2	1	 8	56372	13.6
2	3	6	2	2	4	2	0	3	1	3	2	1	 9	34916	13.2
2	3	6	3	3	5	3	1	5	2	1	3	3	 1	31279	64.5
2	3	6	3	3	5	3	1	5	2	1	3	3	10	67528	22.5
2	3	6	3	3	5	3	1	5	2	1	3	3	11	29107	62.6
2	3	6	3	3	5	3	1	5	2	1	3	3	12	29094	62.9
2	3	6	3	3	5	3	1	5	2	1	3	3	13	35813	79.4
2	3	6	3	3	5	3	1	5	2	1	3	3	17	65696	61.9
2	3	6	3	3	5	3	1	5	2	1	3	3	 2	30774	64.6
2	3	6	3	3	5	3	1	5	2	1	3	3	 3	40021	22.5
2	3	6	3	3	5	3	1	5	2	1	3	3	 4	34412	22.5
2	3	6	3	3	5	3	1	5	2	1	3	3	 5	39284	53.7
2	3	6	3	3	5	3	1	5	2	1	3	3	 6	76867	50.0
2	3	6	3	3	5	3	1	5	2	1	3	3	 7	40262	54.4
2	3	6	3	3	5	3	1	5	2	1	3	3	 8	75327	50.0
2	3	6	3	3	5	3	1	5	2	1	3	3	 9	39985	22.5
2	4	1	1	5	0	2	4	0	1	2	0	2	 1	20025	25.4
2	4	1	1	5	0	2	4	0	1	2	0	2	10	45548	13.8
2	4	1	1	5	0	2	4	0	1	2	0	2	11	24121	20.6
2	4	1	1	5	0	2	4	0	1	2	0	2	12	24033	20.6
2	4	1	1	5	0	2	4	0	1	2	0	2	13	26746	44.8
2	4	1	1	5	0	2	4	0	1	2	0	2	17	55452	20.3
2	4	1	1	5	0	2	4	0	1	2	0	2	 2	21635	25.3
2	4	1	1	5	0	2	4	0	1	2	0	2	 3	29452	14.0
2	4	1	1	5	0	2	4	0	1	2	0	2	 4	27325	14.0
2	4	1	1	5	0	2	4	0	1	2	0	2	 5	23822	12.7
2	4	1	1	5	0	2	4	0	1	2	0	2	 6	46222	7.9
2	4	1	1	5	0	2	4	0	1	2	0	2	 7	24658	12.9
2	4	1	1	5	0	2	4	0	1	2	0	2	 8	44708	8.1
2	4	1	1	5	0	2	4	0	1	2	0	2	 9	29412	13.8
2	4	1	2	5	1	2	4	1	2	3	1	3	 1	22307	25.0
2	4	1	2	5	1	2	4	1	2	3	1	3	10	52455	18.1
2	4	1	2	5	1	2	4	1	2	3	1	3	11	24916	19.4
2	4	1	2	5	1	2	4	1	2	3	1	3	12	24777	19.4
2	4	1	2	5	1	2	4	1	2	3	1	3	13	28389	56.7
2	4	1	2	5	1	2	4	1	2	3	1	3	17	57299	19.2
2	4	1	2	5	1	2	4	1	2	3	1	3	 2	23929	25.0
2	4	1	2	5	1	2	4	1	2	3	1	3	 3	32584	18.2
2	4	1	2	5	1	2	4	1	2	3	1	3	 4	29807	18.2
2	4	1	2	5	1	2	4	1	2	3	1	3	 5	26452	11.6
2	4	1	2	5	1	2	4	1	2	3	1	3	 6	52021	7.0
2	4	1	2	5	1	2	4	1	2	3	1	3	 7	27351	12.0
2	4	1	2	5	1	2	4	1	2	3	1	3	 8	50513	7.5
2	4	1	2	5	1	2	4	1	2	3	1	3	 9	32549	18.1
2	4	2	2	6	2	4	1	3	3	1	2	1	 1	28732	29.8
2	4	2	2	6	2	4	1	3	3	1	2	1	10	67879	39.6
2	4	2	2	6	2	4	1	3	3	1	2	1	11	28278	27.4
2	4	2	2	6	2	4	1	3	3	1	2	1	12	28376	27.4
2	4	2	2	6	2	4	1	3	3	1	2	1	13	33122	71.0
2	4	2	2	6	2	4	1	3	3	1	2	1	17	62925	25.5
2	4	2	2	6	2	4	1	3	3	1	2	1	 2	28856	30.8
2	4	2	2	6	2	4	1	3	3	1	2	1	 3	40107	39.6
2	4	2	2	6	2	4	1	3	3	1	2	1	 4	35567	39.6
2	4	2	2	6	2	4	1	3	3	1	2	1	 5	35189	17.1
2	4	2	2	6	2	4	1	3	3	1	2	1	 6	66864	16.9
2	4	2	2	6	2	4	1	3	3	1	2	1	 7	36138	17.6
2	4	2	2	6	2	4	1	3	3	1	2	1	 8	65303	17.3
2	4	2	2	6	2	4	1	3	3	1	2	1	 9	40119	39.6
2	4	4	2	4	2	2	2	1	1	1	0	0	 1	21594	31.8
2	4	4	2	4	2	2	2	1	1	1	0	0	10	48832	13.5
2	4	4	2	4	2	2	2	1	1	1	0	0	11	24686	25.4
2	4	4	2	4	2	2	2	1	1	1	0	0	12	24778	25.1
2	4	4	2	4	2	2	2	1	1	1	0	0	13	27838	60.2
2	4	4	2	4	2	2	2	1	1	1	0	0	17	56538	24.6
2	4	4	2	4	2	2	2	1	1	1	0	0	 2	22586	31.8
2	4	4	2	4	2	2	2	1	1	1	0	0	 3	31452	13.7
2	4	4	2	4	2	2	2	1	1	1	0	0	 4	28637	13.7
2	4	4	2	4	2	2	2	1	1	1	0	0	 5	26565	11.8
2	4	4	2	4	2	2	2	1	1	1	0	0	 6	49692	8.2
2	4	4	2	4	2	2	2	1	1	1	0	0	 7	27418	12.2
2	4	4	2	4	2	2	2	1	1	1	0	0	 8	48150	8.9
2	4	4	2	4	2	2	2	1	1	1	0	0	 9	31404	13.5
2	4	4	3	1	1	2	3	4	3	0	1	2	 1	26158	64.0
2	4	4	3	1	1	2	3	4	3	0	1	2	10	63482	52.9
2	4	4	3	1	1	2	3	4	3	0	1	2	11	25919	55.9
2	4	4	3	1	1	2	3	4	3	0	1	2	12	25852	55.9
2	4	4	3	1	1	2	3	4	3	0	1	2	13	30970	70.4
2	4	4	3	1	1	2	3	4	3	0	1	2	17	60801	52.7
2	4	4	3	1	1	2	3	4	3	0	1	2	 2	27562	63.8
2	4	4	3	1	1	2	3	4	3	0	1	2	 3	37666	53.2
2	4	4	3	1	1	2	3	4	3	0	1	2	 4	33097	53.2
2	4	4	3	1	1	2	3	4	3	0	1	2	 5	31600	44.5
2	4	4	3	1	1	2	3	4	3	0	1	2	 6	65018	39.4
2	4	4	3	1	1	2	3	4	3	0	1	2	 7	32514	44.7
2	4	4	3	1	1	2	3	4	3	0	1	2	 8	63504	39.7
2	4	4	3	1	1	2	3	4	3	0	1	2	 9	37620	52.9
2	4	4	3	5	3	4	4	4	2	2	2	4	 1	29910	50.6
2	4	4	3	5	3	4	4	4	2	2	2	4	10	66954	20.2
2	4	4	3	5	3	4	4	4	2	2	2	4	11	28436	44.5
2	4	4	3	5	3	4	4	4	2	2	2	4	12	28155	44.8
2	4	4	3	5	3	4	4	4	2	2	2	4	13	33799	74.0
2	4	4	3	5	3	4	4	4	2	2	2	4	17	66193	42.6
2	4	4	3	5	3	4	4	4	2	2	2	4	 2	29420	50.5
2	4	4	3	5	3	4	4	4	2	2	2	4	 3	39608	20.2
2	4	4	3	5	3	4	4	4	2	2	2	4	 4	34032	20.2
2	4	4	3	5	3	4	4	4	2	2	2	4	 5	37359	35.9
2	4	4	3	5	3	4	4	4	2	2	2	4	 6	72960	33.9
2	4	4	3	5	3	4	4	4	2	2	2	4	 7	38573	36.3
2	4	4	3	5	3	4	4	4	2	2	2	4	 8	71486	34.6
2	4	4	3	5	3	4	4	4	2	2	2	4	 9	39605	20.2
2	4	4	3	6	5	1	1	2	1	2	2	4	 1	25873	19.4
2	4	4	3	6	5	1	1	2	1	2	2	4	10	56645	11.2
2	4	4	3	6	5	1	1	2	1	2	2	4	11	26773	17.8
2	4	4	3	6	5	1	1	2	1	2	2	4	12	26833	17.8
2	4	4	3	6	5	1	1	2	1	2	2	4	13	31117	60.1
2	4	4	3	6	5	1	1	2	1	2	2	4	17	59435	17.4
2	4	4	3	6	5	1	1	2	1	2	2	4	 2	26465	19.5
2	4	4	3	6	5	1	1	2	1	2	2	4	 3	35064	12.0
2	4	4	3	6	5	1	1	2	1	2	2	4	 4	31646	12.0
2	4	4	3	6	5	1	1	2	1	2	2	4	 5	31240	8.1
2	4	4	3	6	5	1	1	2	1	2	2	4	 6	59271	5.8
2	4	4	3	6	5	1	1	2	1	2	2	4	 7	32078	8.6
2	4	4	3	6	5	1	1	2	1	2	2	4	 8	57716	6.3
2	4	4	3	6	5	1	1	2	1	2	2	4	 9	34969	11.2
2	4	5	0	3	3	4	5	1	1	2	2	5	 1	20047	23.2
2	4	5	0	3	3	4	5	1	1	2	2	5	10	46233	12.9
2	4	5	0	3	3	4	5	1	1	2	2	5	11	23785	20.9
2	4	5	0	3	3	4	5	1	1	2	2	5	12	23527	20.9
2	4	5	0	3	3	4	5	1	1	2	2	5	13	26851	60.2
2	4	5	0	3	3	4	5	1	1	2	2	5	17	56740	19.9
2	4	5	0	3	3	4	5	1	1	2	2	5	 2	21424	23.3
2	4	5	0	3	3	4	5	1	1	2	2	5	 3	29860	12.9
2	4	5	0	3	3	4	5	1	1	2	2	5	 4	27098	13.0
2	4	5	0	3	3	4	5	1	1	2	2	5	 5	24703	11.1
2	4	5	0	3	3	4	5	1	1	2	2	5	 6	48266	4.9
2	4	5	0	3	3	4	5	1	1	2	2	5	 7	25612	11.4
2	4	5	0	3	3	4	5	1	1	2	2	5	 8	46760	5.5
2	4	5	0	3	3	4	5	1	1	2	2	5	 9	29859	12.9
2	4	5	3	6	5	0	1	1	1	1	1	3	 1	23478	20.7
2	4	5	3	6	5	0	1	1	1	1	1	3	10	53327	12.0
2	4	5	3	6	5	0	1	1	1	1	1	3	11	25892	19.4
2	4	5	3	6	5	0	1	1	1	1	1	3	12	26060	19.4
2	4	5	3	6	5	0	1	1	1	1	1	3	13	29463	53.8
2	4	5	3	6	5	0	1	1	1	1	1	3	17	57705	18.8
2	4	5	3	6	5	0	1	1	1	1	1	3	 2	23865	20.8
2	4	5	3	6	5	0	1	1	1	1	1	3	 3	33900	13.4
2	4	5	3	6	5	0	1	1	1	1	1	3	 4	30946	13.4
2	4	5	3	6	5	0	1	1	1	1	1	3	 5	29019	8.6
2	4	5	3	6	5	0	1	1	1	1	1	3	 6	52940	6.8
2	4	5	3	6	5	0	1	1	1	1	1	3	 7	29845	8.9
2	4	5	3	6	5	0	1	1	1	1	1	3	 8	51367	7.5
2	4	5	3	6	5	0	1	1	1	1	1	3	 9	33685	12.0
2	4	5	3	7	0	0	1	1	1	1	2	3	 1	24266	18.4
2	4	5	3	7	0	0	1	1	1	1	2	3	10	54498	11.2
2	4	5	3	7	0	0	1	1	1	1	2	3	11	26308	17.4
2	4	5	3	7	0	0	1	1	1	1	2	3	12	26415	17.4
2	4	5	3	7	0	0	1	1	1	1	2	3	13	30047	50.3
2	4	5	3	7	0	0	1	1	1	1	2	3	17	58024	17.0
2	4	5	3	7	0	0	1	1	1	1	2	3	 2	24954	18.4
2	4	5	3	7	0	0	1	1	1	1	2	3	 3	34220	12.6
2	4	5	3	7	0	0	1	1	1	1	2	3	 4	31401	12.6
2	4	5	3	7	0	0	1	1	1	1	2	3	 5	29335	7.9
2	4	5	3	7	0	0	1	1	1	1	2	3	 6	54491	5.6
2	4	5	3	7	0	0	1	1	1	1	2	3	 7	30139	8.3
2	4	5	3	7	0	0	1	1	1	1	2	3	 8	52928	6.2
2	4	5	3	7	0	0	1	1	1	1	2	3	 9	34021	11.2
2	4	5	3	7	0	1	1	1	1	1	2	3	 1	24251	18.4
2	4	5	3	7	0	1	1	1	1	1	2	3	10	54515	11.3
2	4	5	3	7	0	1	1	1	1	1	2	3	11	26318	17.4
2	4	5	3	7	0	1	1	1	1	1	2	3	12	26419	17.4
2	4	5	3	7	0	1	1	1	1	1	2	3	13	30042	50.3
2	4	5	3	7	0	1	1	1	1	1	2	3	17	58131	17.0
2	4	5	3	7	0	1	1	1	1	1	2	3	 2	24922	18.5
2	4	5	3	7	0	1	1	1	1	1	2	3	 3	34131	12.0
2	4	5	3	7	0	1	1	1	1	1	2	3	 4	31263	12.0
2	4	5	3	7	0	1	1	1	1	1	2	3	 5	29361	7.9
2	4	5	3	7	0	1	1	1	1	1	2	3	 6	54492	5.6
2	4	5	3	7	0	1	1	1	1	1	2	3	 7	30182	8.3
2	4	5	3	7	0	1	1	1	1	1	2	3	 8	52932	6.2
2	4	5	3	7	0	1	1	1	1	1	2	3	 9	34039	11.3
2	4	5	4	1	1	2	3	4	3	0	1	3	 1	26394	63.1
2	4	5	4	1	1	2	3	4	3	0	1	3	10	64084	52.6
2	4	5	4	1	1	2	3	4	3	0	1	3	11	26050	54.9
2	4	5	4	1	1	2	3	4	3	0	1	3	12	25969	54.9
2	4	5	4	1	1	2	3	4	3	0	1	3	13	31259	71.5
2	4	5	4	1	1	2	3	4	3	0	1	3	17	61101	51.6
2	4	5	4	1	1	2	3	4	3	0	1	3	 2	27686	62.8
2	4	5	4	1	1	2	3	4	3	0	1	3	 3	37954	52.8
2	4	5	4	1	1	2	3	4	3	0	1	3	 4	33308	52.8
2	4	5	4	1	1	2	3	4	3	0	1	3	 5	31963	43.7
2	4	5	4	1	1	2	3	4	3	0	1	3	 6	65561	38.0
2	4	5	4	1	1	2	3	4	3	0	1	3	 7	32896	43.8
2	4	5	4	1	1	2	3	4	3	0	1	3	 8	64050	38.4
2	4	5	4	1	1	2	3	4	3	0	1	3	 9	37908	52.6
2	5	1	2	5	5	1	2	4	0	1	2	4	 1	29608	49.9
2	5	1	2	5	5	1	2	4	0	1	2	4	10	60095	10.3
2	5	1	2	5	5	1	2	4	0	1	2	4	11	28282	44.7
2	5	1	2	5	5	1	2	4	0	1	2	4	12	28187	44.8
2	5	1	2	5	5	1	2	4	0	1	2	4	13	33796	68.6
2	5	1	2	5	5	1	2	4	0	1	2	4	17	64016	43.2
2	5	1	2	5	5	1	2	4	0	1	2	4	 2	29448	49.8
2	5	1	2	5	5	1	2	4	0	1	2	4	 3	36732	10.9
2	5	1	2	5	5	1	2	4	0	1	2	4	 4	32036	10.9
2	5	1	2	5	5	1	2	4	0	1	2	4	 5	36690	32.6
2	5	1	2	5	5	1	2	4	0	1	2	4	 6	71021	27.5
2	5	1	2	5	5	1	2	4	0	1	2	4	 7	37705	33.2
2	5	1	2	5	5	1	2	4	0	1	2	4	 8	69504	27.5
2	5	1	2	5	5	1	2	4	0	1	2	4	 9	36613	10.3
2	5	1	2	6	1	3	0	2	2	1	2	5	 1	26275	7.9
2	5	1	2	6	1	3	0	2	2	1	2	5	10	61173	19.8
2	5	1	2	6	1	3	0	2	2	1	2	5	11	27232	8.0
2	5	1	2	6	1	3	0	2	2	1	2	5	12	27383	9.5
2	5	1	2	6	1	3	0	2	2	1	2	5	13	31514	59.7
2	5	1	2	6	1	3	0	2	2	1	2	5	17	60040	8.0
2	5	1	2	6	1	3	0	2	2	1	2	5	 2	26158	8.0
2	5	1	2	6	1	3	0	2	2	1	2	5	 3	37353	19.9
2	5	1	2	6	1	3	0	2	2	1	2	5	 4	33532	19.9
2	5	1	2	6	1	3	0	2	2	1	2	5	 5	32696	3.5
2	5	1	2	6	1	3	0	2	2	1	2	5	 7	33540	4.1
2	5	1	2	6	1	3	0	2	2	1	2	5	 8	58462	3.7
2	5	1	2	6	1	3	0	2	2	1	2	5	 9	37346	19.8
2	5	2	3	2	3	1	3	1	2	0	2	0	 1	20462	36.2
2	5	2	3	2	3	1	3	1	2	0	2	0	10	48505	20.6
2	5	2	3	2	3	1	3	1	2	0	2	0	11	23786	27.7
2	5	2	3	2	3	1	3	1	2	0	2	0	12	23794	27.3
2	5	2	3	2	3	1	3	1	2	0	2	0	13	26889	64.0
2	5	2	3	2	3	1	3	1	2	0	2	0	17	55543	26.6
2	5	2	3	2	3	1	3	1	2	0	2	0	 2	21966	36.2
2	5	2	3	2	3	1	3	1	2	0	2	0	 3	30980	21.0
2	5	2	3	2	3	1	3	1	2	0	2	0	 4	28385	21.0
2	5	2	3	2	3	1	3	1	2	0	2	0	 5	24744	14.9
2	5	2	3	2	3	1	3	1	2	0	2	0	 6	48193	8.9
2	5	2	3	2	3	1	3	1	2	0	2	0	 7	25546	15.1
2	5	2	3	2	3	1	3	1	2	0	2	0	 8	46663	9.4
2	5	2	3	2	3	1	3	1	2	0	2	0	 9	30887	20.6
2	5	3	4	4	1	3	1	4	1	3	1	5	 1	29378	48.1
2	5	3	4	4	1	3	1	4	1	3	1	5	10	62035	12.4
2	5	3	4	4	1	3	1	4	1	3	1	5	11	28259	46.3
2	5	3	4	4	1	3	1	4	1	3	1	5	12	28319	46.6
2	5	3	4	4	1	3	1	4	1	3	1	5	13	34159	71.6
2	5	3	4	4	1	3	1	4	1	3	1	5	17	63430	43.7
2	5	3	4	4	1	3	1	4	1	3	1	5	 2	29181	48.1
2	5	3	4	4	1	3	1	4	1	3	1	5	 3	37584	12.4
2	5	3	4	4	1	3	1	4	1	3	1	5	 4	32775	12.4
2	5	3	4	4	1	3	1	4	1	3	1	5	 5	36412	35.8
2	5	3	4	4	1	3	1	4	1	3	1	5	 6	70144	35.3
2	5	3	4	4	1	3	1	4	1	3	1	5	 7	37344	36.3
2	5	3	4	4	1	3	1	4	1	3	1	5	 8	68593	35.6
2	5	3	4	4	1	3	1	4	1	3	1	5	 9	37554	12.4
2	5	5	3	6	4	4	4	4	3	3	3	0	 1	31319	52.0
2	5	5	3	6	4	4	4	4	3	3	3	0	10	75591	55.3
2	5	5	3	6	4	4	4	4	3	3	3	0	11	29470	46.9
2	5	5	3	6	4	4	4	4	3	3	3	0	12	29263	46.9
2	5	5	3	6	4	4	4	4	3	3	3	0	13	34547	68.4
2	5	5	3	6	4	4	4	4	3	3	3	0	17	67907	45.4
2	5	5	3	6	4	4	4	4	3	3	3	0	 2	30701	52.0
2	5	5	3	6	4	4	4	4	3	3	3	0	 3	43483	55.3
2	5	5	3	6	4	4	4	4	3	3	3	0	 4	37287	55.3
2	5	5	3	6	4	4	4	4	3	3	3	0	 5	39133	38.7
2	5	5	3	6	4	4	4	4	3	3	3	0	 6	75565	37.5
2	5	5	3	6	4	4	4	4	3	3	3	0	 7	40418	39.2
2	5	5	3	6	4	4	4	4	3	3	3	0	 8	74096	37.8
2	5	5	3	6	4	4	4	4	3	3	3	0	 9	43496	55.3
2	5	5	4	2	1	1	2	2	2	2	2	4	 1	22698	35.0
2	5	5	4	2	1	1	2	2	2	2	2	4	10	52448	19.1
2	5	5	4	2	1	1	2	2	2	2	2	4	11	24620	25.3
2	5	5	4	2	1	1	2	2	2	2	2	4	12	24600	25.1
2	5	5	4	2	1	1	2	2	2	2	2	4	13	28642	66.6
2	5	5	4	2	1	1	2	2	2	2	2	4	17	56813	24.3
2	5	5	4	2	1	1	2	2	2	2	2	4	 2	24136	35.3
2	5	5	4	2	1	1	2	2	2	2	2	4	 3	32793	19.6
2	5	5	4	2	1	1	2	2	2	2	2	4	 4	29653	19.6
2	5	5	4	2	1	1	2	2	2	2	2	4	 5	27207	11.5
2	5	5	4	2	1	1	2	2	2	2	2	4	 6	53926	6.3
2	5	5	4	2	1	1	2	2	2	2	2	4	 7	28003	12.1
2	5	5	4	2	1	1	2	2	2	2	2	4	 8	52390	7.0
2	5	5	4	2	1	1	2	2	2	2	2	4	 9	32705	19.1
2	5	5	4	7	5	0	1	1	1	1	1	2	 1	24349	20.1
2	5	5	4	7	5	0	1	1	1	1	1	2	10	55350	12.0
2	5	5	4	7	5	0	1	1	1	1	1	2	11	26432	18.7
2	5	5	4	7	5	0	1	1	1	1	1	2	12	26610	18.7
2	5	5	4	7	5	0	1	1	1	1	1	2	13	30199	51.3
2	5	5	4	7	5	0	1	1	1	1	1	2	17	58493	18.2
2	5	5	4	7	5	0	1	1	1	1	1	2	 2	24664	20.2
2	5	5	4	7	5	0	1	1	1	1	1	2	 3	34847	13.4
2	5	5	4	7	5	0	1	1	1	1	1	2	 4	31835	13.4
2	5	5	4	7	5	0	1	1	1	1	1	2	 5	29978	8.4
2	5	5	4	7	5	0	1	1	1	1	1	2	 6	54526	6.9
2	5	5	4	7	5	0	1	1	1	1	1	2	 7	30824	8.8
2	5	5	4	7	5	0	1	1	1	1	1	2	 8	52951	7.6
2	5	5	4	7	5	0	1	1	1	1	1	2	 9	34626	12.0
2	5	6	1	3	3	4	0	1	1	2	3	1	 1	21312	14.8
2	5	6	1	3	3	4	0	1	1	2	3	1	10	49231	12.8
2	5	6	1	3	3	4	0	1	1	2	3	1	11	25198	14.8
2	5	6	1	3	3	4	0	1	1	2	3	1	12	25542	16.0
2	5	6	1	3	3	4	0	1	1	2	3	1	13	27669	61.5
2	5	6	1	3	3	4	0	1	1	2	3	1	17	57229	14.0
2	5	6	1	3	3	4	0	1	1	2	3	1	 2	21097	14.9
2	5	6	1	3	3	4	0	1	1	2	3	1	 3	32645	12.8
2	5	6	1	3	3	4	0	1	1	2	3	1	 4	29406	12.8
2	5	6	1	3	3	4	0	1	1	2	3	1	 5	28912	4.5
2	5	6	1	3	3	4	0	1	1	2	3	1	 6	48473	4.2
2	5	6	1	3	3	4	0	1	1	2	3	1	 7	29902	5.6
2	5	6	1	3	3	4	0	1	1	2	3	1	 8	46847	5.2
2	5	6	1	3	3	4	0	1	1	2	3	1	 9	32646	12.8
2	5	6	1	4	4	0	1	3	2	0	1	3	 1	26301	32.1
2	5	6	1	4	4	0	1	3	2	0	1	3	10	59479	23.2
2	5	6	1	4	4	0	1	3	2	0	1	3	11	26623	29.1
2	5	6	1	4	4	0	1	3	2	0	1	3	12	26793	29.3
2	5	6	1	4	4	0	1	3	2	0	1	3	13	31290	74.2
2	5	6	1	4	4	0	1	3	2	0	1	3	17	59950	26.4
2	5	6	1	4	4	0	1	3	2	0	1	3	 2	26603	33.4
2	5	6	1	4	4	0	1	3	2	0	1	3	 3	36573	24.6
2	5	6	1	4	4	0	1	3	2	0	1	3	 4	32547	24.6
2	5	6	1	4	4	0	1	3	2	0	1	3	 5	32379	17.6
2	5	6	1	4	4	0	1	3	2	0	1	3	 6	62009	16.8
2	5	6	1	4	4	0	1	3	2	0	1	3	 7	33187	18.0
2	5	6	1	4	4	0	1	3	2	0	1	3	 8	60432	17.2
2	5	6	1	4	4	0	1	3	2	0	1	3	 9	36342	23.2
2	6	2	2	6	1	2	3	5	1	1	2	0	 1	33487	70.2
2	6	2	2	6	1	2	3	5	1	1	2	0	10	70796	13.8
2	6	2	2	6	1	2	3	5	1	1	2	0	11	30610	62.2
2	6	2	2	6	1	2	3	5	1	1	2	0	12	30471	62.3
2	6	2	2	6	1	2	3	5	1	1	2	0	13	36299	72.1
2	6	2	2	6	1	2	3	5	1	1	2	0	17	69758	62.1
2	6	2	2	6	1	2	3	5	1	1	2	0	 2	32070	70.3
2	6	2	2	6	1	2	3	5	1	1	2	0	 3	41780	14.0
2	6	2	2	6	1	2	3	5	1	1	2	0	 4	35538	14.0
2	6	2	2	6	1	2	3	5	1	1	2	0	 5	42989	53.2
2	6	2	2	6	1	2	3	5	1	1	2	0	 7	44243	53.6
2	6	2	2	6	1	2	3	5	1	1	2	0	 8	79877	47.9
2	6	2	2	6	1	2	3	5	1	1	2	0	 9	41693	13.8
2	6	2	2	6	1	3	4	1	1	2	0	2	 1	22692	24.0
2	6	2	2	6	1	3	4	1	1	2	0	2	10	50728	13.5
2	6	2	2	6	1	3	4	1	1	2	0	2	11	25231	19.2
2	6	2	2	6	1	3	4	1	1	2	0	2	12	25112	19.2
2	6	2	2	6	1	3	4	1	1	2	0	2	13	28681	54.2
2	6	2	2	6	1	3	4	1	1	2	0	2	17	57784	18.7
2	6	2	2	6	1	3	4	1	1	2	0	2	 2	24114	23.9
2	6	2	2	6	1	3	4	1	1	2	0	2	 3	31917	13.4
2	6	2	2	6	1	3	4	1	1	2	0	2	 4	29053	13.5
2	6	2	2	6	1	3	4	1	1	2	0	2	 5	26982	11.3
2	6	2	2	6	1	3	4	1	1	2	0	2	 6	52293	7.5
2	6	2	2	6	1	3	4	1	1	2	0	2	 7	27931	11.8
2	6	2	2	6	1	3	4	1	1	2	0	2	 8	50793	7.9
2	6	2	2	6	1	3	4	1	1	2	0	2	 9	31903	13.5
2	6	3	3	1	2	4	0	2	2	0	1	4	10	52641	23.2
2	6	3	3	1	2	4	0	2	2	0	1	4	11	25308	15.9
2	6	3	3	1	2	4	0	2	2	0	1	4	12	25509	17.7
2	6	3	3	1	2	4	0	2	2	0	1	4	13	28507	70.7
2	6	3	3	1	2	4	0	2	2	0	1	4	17	58027	15.1
2	6	3	3	1	2	4	0	2	2	0	1	4	 3	34005	23.2
2	6	3	3	1	2	4	0	2	2	0	1	4	 4	30080	23.2
2	6	3	3	1	2	4	0	2	2	0	1	4	 5	29933	4.8
2	6	3	3	1	2	4	0	2	2	0	1	4	 6	52078	4.5
2	6	3	3	1	2	4	0	2	2	0	1	4	 7	31007	5.7
2	6	3	3	1	2	4	0	2	2	0	1	4	 8	50476	5.4
2	6	3	3	1	2	4	0	2	2	0	1	4	 9	34007	23.2
2	6	3	3	2	3	0	2	4	1	2	0	3	 1	26645	62.2
2	6	3	3	2	3	0	2	4	1	2	0	3	10	56586	14.5
2	6	3	3	2	3	0	2	4	1	2	0	3	11	26352	54.9
2	6	3	3	2	3	0	2	4	1	2	0	3	12	26443	54.6
2	6	3	3	2	3	0	2	4	1	2	0	3	13	31732	75.3
2	6	3	3	2	3	0	2	4	1	2	0	3	17	60577	52.1
2	6	3	3	2	3	0	2	4	1	2	0	3	 2	27367	61.9
2	6	3	3	2	3	0	2	4	1	2	0	3	 3	35116	15.9
2	6	3	3	2	3	0	2	4	1	2	0	3	 4	30811	15.9
2	6	3	3	2	3	0	2	4	1	2	0	3	 5	32656	42.5
2	6	3	3	2	3	0	2	4	1	2	0	3	 6	64686	38.3
2	6	3	3	2	3	0	2	4	1	2	0	3	 7	33501	43.2
2	6	3	3	2	3	0	2	4	1	2	0	3	 8	63137	39.0
2	6	3	3	2	3	0	2	4	1	2	0	3	 9	34882	14.5
2	6	3	4	4	5	2	5	2	3	1	3	2	 1	23859	22.2
2	6	3	4	4	5	2	5	2	3	1	3	2	10	55503	18.3
2	6	3	4	4	5	2	5	2	3	1	3	2	11	25374	19.6
2	6	3	4	4	5	2	5	2	3	1	3	2	12	25122	19.6
2	6	3	4	4	5	2	5	2	3	1	3	2	13	29635	62.7
2	6	3	4	4	5	2	5	2	3	1	3	2	17	59410	19.3
2	6	3	4	4	5	2	5	2	3	1	3	2	 2	25053	22.4
2	6	3	4	4	5	2	5	2	3	1	3	2	 3	34088	18.5
2	6	3	4	4	5	2	5	2	3	1	3	2	 4	30583	18.5
2	6	3	4	4	5	2	5	2	3	1	3	2	 5	28706	11.2
2	6	3	4	4	5	2	5	2	3	1	3	2	 6	56842	6.9
2	6	3	4	4	5	2	5	2	3	1	3	2	 7	29679	11.3
2	6	3	4	4	5	2	5	2	3	1	3	2	 8	55342	7.2
2	6	3	4	4	5	2	5	2	3	1	3	2	 9	34046	18.3
2	6	4	0	4	0	3	0	3	0	2	0	3	 1	25719	22.1
2	6	4	0	4	0	3	0	3	0	2	0	3	10	54363	10.9
2	6	4	0	4	0	3	0	3	0	2	0	3	11	26981	21.7
2	6	4	0	4	0	3	0	3	0	2	0	3	12	27428	22.9
2	6	4	0	4	0	3	0	3	0	2	0	3	13	31465	67.0
2	6	4	0	4	0	3	0	3	0	2	0	3	17	60384	19.5
2	6	4	0	4	0	3	0	3	0	2	0	3	 2	24599	23.4
2	6	4	0	4	0	3	0	3	0	2	0	3	 3	35131	10.9
2	6	4	0	4	0	3	0	3	0	2	0	3	 4	30627	10.9
2	6	4	0	4	0	3	0	3	0	2	0	3	 5	34573	13.7
2	6	4	0	4	0	3	0	3	0	2	0	3	 6	59891	13.2
2	6	4	0	4	0	3	0	3	0	2	0	3	 7	35489	15.1
2	6	4	0	4	0	3	0	3	0	2	0	3	 8	58230	14.2
2	6	4	0	4	0	3	0	3	0	2	0	3	 9	35038	10.9
2	6	4	0	4	0	3	1	3	0	2	1	4	 1	25521	31.6
2	6	4	0	4	0	3	1	3	0	2	1	4	10	52844	10.7
2	6	4	0	4	0	3	1	3	0	2	1	4	11	26340	28.7
2	6	4	0	4	0	3	1	3	0	2	1	4	12	26446	28.9
2	6	4	0	4	0	3	1	3	0	2	1	4	13	30783	67.9
2	6	4	0	4	0	3	1	3	0	2	1	4	17	59654	26.3
2	6	4	0	4	0	3	1	3	0	2	1	4	 2	25810	33.0
2	6	4	0	4	0	3	1	3	0	2	1	4	 3	33452	10.7
2	6	4	0	4	0	3	1	3	0	2	1	4	 4	29446	10.7
2	6	4	0	4	0	3	1	3	0	2	1	4	 5	31636	17.0
2	6	4	0	4	0	3	1	3	0	2	1	4	 6	60085	15.9
2	6	4	0	4	0	3	1	3	0	2	1	4	 7	32507	17.5
2	6	4	0	4	0	3	1	3	0	2	1	4	 8	58526	16.5
2	6	4	0	4	0	3	1	3	0	2	1	4	 9	33431	10.7
2	6	5	2	2	4	3	1	0	2	1	0	4	 1	19366	28.9
2	6	5	2	2	4	3	1	0	2	1	0	4	10	47878	23.1
2	6	5	2	2	4	3	1	0	2	1	0	4	11	24155	26.3
2	6	5	2	2	4	3	1	0	2	1	0	4	12	24441	26.3
2	6	5	2	2	4	3	1	0	2	1	0	4	13	26162	57.8
2	6	5	2	2	4	3	1	0	2	1	0	4	17	55987	24.7
2	6	5	2	2	4	3	1	0	2	1	0	4	 2	19714	29.0
2	6	5	2	2	4	3	1	0	2	1	0	4	 3	31553	23.0
2	6	5	2	2	4	3	1	0	2	1	0	4	 4	29061	23.0
2	6	5	2	2	4	3	1	0	2	1	0	4	 5	25826	10.1
2	6	5	2	2	4	3	1	0	2	1	0	4	 6	44549	9.5
2	6	5	2	2	4	3	1	0	2	1	0	4	 7	26737	10.6
2	6	5	2	2	4	3	1	0	2	1	0	4	 8	42966	10.0
2	6	5	2	2	4	3	1	0	2	1	0	4	 9	31572	23.1
3	1	1	0	2	1	1	1	1	1	1	1	1	 1	20111	30.8
3	1	1	0	2	1	1	1	1	1	1	1	1	10	46132	13.7
3	1	1	0	2	1	1	1	1	1	1	1	1	11	24115	27.5
3	1	1	0	2	1	1	1	1	1	1	1	1	12	24413	27.5
3	1	1	0	2	1	1	1	1	1	1	1	1	13	26579	66.7
3	1	1	0	2	1	1	1	1	1	1	1	1	17	55750	26.2
3	1	1	0	2	1	1	1	1	1	1	1	1	 2	20419	30.8
3	1	1	0	2	1	1	1	1	1	1	1	1	 3	30849	14.2
3	1	1	0	2	1	1	1	1	1	1	1	1	 4	28040	14.2
3	1	1	0	2	1	1	1	1	1	1	1	1	 5	26493	10.6
3	1	1	0	2	1	1	1	1	1	1	1	1	 7	27329	11.2
3	1	1	0	2	1	1	1	1	1	1	1	1	 8	45024	10.0
3	1	1	0	2	1	1	1	1	1	1	1	1	 9	30733	13.7
3	1	2	1	3	2	3	3	3	2	3	3	0	 1	24795	41.9
3	1	2	1	3	2	3	3	3	2	3	3	0	10	55883	22.1
3	1	2	1	3	2	3	3	3	2	3	3	0	11	25454	34.0
3	1	2	1	3	2	3	3	3	2	3	3	0	12	25406	33.7
3	1	2	1	3	2	3	3	3	2	3	3	0	13	29728	70.3
3	1	2	1	3	2	3	3	3	2	3	3	0	17	59252	30.9
3	1	2	1	3	2	3	3	3	2	3	3	0	 2	26269	42.9
3	1	2	1	3	2	3	3	3	2	3	3	0	 3	34282	22.2
3	1	2	1	3	2	3	3	3	2	3	3	0	 4	30417	22.2
3	1	2	1	3	2	3	3	3	2	3	3	0	 5	29643	23.0
3	1	2	1	3	2	3	3	3	2	3	3	0	 6	59692	17.3
3	1	2	1	3	2	3	3	3	2	3	3	0	 7	30551	23.1
3	1	2	1	3	2	3	3	3	2	3	3	0	 8	58178	17.6
3	1	2	1	3	2	3	3	3	2	3	3	0	 9	34262	22.1
3	1	2	2	5	4	5	1	2	2	2	3	1	 1	24985	24.2
3	1	2	2	5	4	5	1	2	2	2	3	1	10	58217	22.7
3	1	2	2	5	4	5	1	2	2	2	3	1	11	26397	21.9
3	1	2	2	5	4	5	1	2	2	2	3	1	12	26493	22.0
3	1	2	2	5	4	5	1	2	2	2	3	1	13	30315	64.3
3	1	2	2	5	4	5	1	2	2	2	3	1	17	59675	21.3
3	1	2	2	5	4	5	1	2	2	2	3	1	 2	24420	24.3
3	1	2	2	5	4	5	1	2	2	2	3	1	 3	35858	22.7
3	1	2	2	5	4	5	1	2	2	2	3	1	 4	31971	22.7
3	1	2	2	5	4	5	1	2	2	2	3	1	 5	30983	9.6
3	1	2	2	5	4	5	1	2	2	2	3	1	 6	57643	8.8
3	1	2	2	5	4	5	1	2	2	2	3	1	 7	31941	9.9
3	1	2	2	5	4	5	1	2	2	2	3	1	 8	56090	9.4
3	1	2	2	5	4	5	1	2	2	2	3	1	 9	35867	22.7
3	1	3	2	6	0	2	3	4	0	1	2	4	 1	30454	48.7
3	1	3	2	6	0	2	3	4	0	1	2	4	10	62357	10.0
3	1	3	2	6	0	2	3	4	0	1	2	4	11	28903	43.8
3	1	3	2	6	0	2	3	4	0	1	2	4	12	28706	43.9
3	1	3	2	6	0	2	3	4	0	1	2	4	13	34213	67.6
3	1	3	2	6	0	2	3	4	0	1	2	4	17	65903	41.7
3	1	3	2	6	0	2	3	4	0	1	2	4	 2	29792	48.2
3	1	3	2	6	0	2	3	4	0	1	2	4	 3	37779	10.2
3	1	3	2	6	0	2	3	4	0	1	2	4	 4	32611	10.2
3	1	3	2	6	0	2	3	4	0	1	2	4	 5	38186	32.3
3	1	3	2	6	0	2	3	4	0	1	2	4	 6	73173	27.5
3	1	3	2	6	0	2	3	4	0	1	2	4	 7	39352	32.9
3	1	3	2	6	0	2	3	4	0	1	2	4	 8	71684	27.5
3	1	3	2	6	0	2	3	4	0	1	2	4	 9	37712	10.0
3	2	2	1	4	3	4	4	5	0	1	1	2	 1	30419	57.7
3	2	2	1	4	3	4	4	5	0	1	1	2	10	62444	11.8
3	2	2	1	4	3	4	4	5	0	1	1	2	11	28607	53.8
3	2	2	1	4	3	4	4	5	0	1	1	2	12	28364	54.0
3	2	2	1	4	3	4	4	5	0	1	1	2	13	33997	64.3
3	2	2	1	4	3	4	4	5	0	1	1	2	17	67255	51.8
3	2	2	1	4	3	4	4	5	0	1	1	2	 2	29543	57.1
3	2	2	1	4	3	4	4	5	0	1	1	2	 3	37786	11.8
3	2	2	1	4	3	4	4	5	0	1	1	2	 4	31940	11.8
3	2	2	1	4	3	4	4	5	0	1	1	2	 5	39104	39.7
3	2	2	1	4	3	4	4	5	0	1	1	2	 6	75588	33.0
3	2	2	1	4	3	4	4	5	0	1	1	2	 7	40373	40.2
3	2	2	1	4	3	4	4	5	0	1	1	2	 8	74121	33.0
3	2	2	1	4	3	4	4	5	0	1	1	2	 9	37775	11.8
3	2	3	2	5	4	0	1	2	2	2	3	0	 1	24999	25.0
3	2	3	2	5	4	0	1	2	2	2	3	0	10	58501	23.0
3	2	3	2	5	4	0	1	2	2	2	3	0	11	26351	22.6
3	2	3	2	5	4	0	1	2	2	2	3	0	12	26593	22.6
3	2	3	2	5	4	0	1	2	2	2	3	0	13	30341	64.8
3	2	3	2	5	4	0	1	2	2	2	3	0	17	59151	21.8
3	2	3	2	5	4	0	1	2	2	2	3	0	 2	25120	25.1
3	2	3	2	5	4	0	1	2	2	2	3	0	 3	36362	24.5
3	2	3	2	5	4	0	1	2	2	2	3	0	 4	32711	24.5
3	2	3	2	5	4	0	1	2	2	2	3	0	 5	31271	9.9
3	2	3	2	5	4	0	1	2	2	2	3	0	 6	57491	9.3
3	2	3	2	5	4	0	1	2	2	2	3	0	 7	32118	10.4
3	2	3	2	5	4	0	1	2	2	2	3	0	 8	55901	9.8
3	2	3	2	5	4	0	1	2	2	2	3	0	 9	36118	23.0
3	2	3	2	5	4	5	1	2	2	2	3	0	 1	24965	25.0
3	2	3	2	5	4	5	1	2	2	2	3	0	10	58514	23.5
3	2	3	2	5	4	5	1	2	2	2	3	0	11	26451	22.6
3	2	3	2	5	4	5	1	2	2	2	3	0	12	26610	22.6
3	2	3	2	5	4	5	1	2	2	2	3	0	13	30320	64.8
3	2	3	2	5	4	5	1	2	2	2	3	0	17	59891	21.8
3	2	3	2	5	4	5	1	2	2	2	3	0	 2	24190	25.2
3	2	3	2	5	4	5	1	2	2	2	3	0	 3	36148	23.5
3	2	3	2	5	4	5	1	2	2	2	3	0	 4	32154	23.5
3	2	3	2	5	4	5	1	2	2	2	3	0	 5	31378	9.8
3	2	3	2	5	4	5	1	2	2	2	3	0	 6	57503	9.4
3	2	3	2	5	4	5	1	2	2	2	3	0	 7	32365	10.3
3	2	3	2	5	4	5	1	2	2	2	3	0	 9	36157	23.5
3	2	3	2	6	0	1	2	3	3	0	1	3	 1	28559	34.2
3	2	3	2	6	0	1	2	3	3	0	1	3	10	66895	35.9
3	2	3	2	6	0	1	2	3	3	0	1	3	11	27892	27.7
3	2	3	2	6	0	1	2	3	3	0	1	3	12	27875	27.6
3	2	3	2	6	0	1	2	3	3	0	1	3	13	32689	70.2
3	2	3	2	6	0	1	2	3	3	0	1	3	17	62458	26.2
3	2	3	2	6	0	1	2	3	3	0	1	3	 2	29310	35.3
3	2	3	2	6	0	1	2	3	3	0	1	3	 3	39483	36.3
3	2	3	2	6	0	1	2	3	3	0	1	3	 4	35307	36.3
3	2	3	2	6	0	1	2	3	3	0	1	3	 5	34271	18.4
3	2	3	2	6	0	1	2	3	3	0	1	3	 6	66949	15.0
3	2	3	2	6	0	1	2	3	3	0	1	3	 7	35203	18.9
3	2	3	2	6	0	1	2	3	3	0	1	3	 8	65419	15.6
3	2	3	2	6	0	1	2	3	3	0	1	3	 9	39380	35.9
3	2	3	2	6	5	1	2	3	3	0	1	3	 1	28559	34.2
3	2	3	2	6	5	1	2	3	3	0	1	3	10	66895	35.9
3	2	3	2	6	5	1	2	3	3	0	1	3	11	27892	27.7
3	2	3	2	6	5	1	2	3	3	0	1	3	12	27875	27.6
3	2	3	2	6	5	1	2	3	3	0	1	3	13	32689	70.2
3	2	3	2	6	5	1	2	3	3	0	1	3	17	62458	26.2
3	2	3	2	6	5	1	2	3	3	0	1	3	 2	29310	35.3
3	2	3	2	6	5	1	2	3	3	0	1	3	 3	39483	36.3
3	2	3	2	6	5	1	2	3	3	0	1	3	 4	35307	36.3
3	2	3	2	6	5	1	2	3	3	0	1	3	 5	34271	18.4
3	2	3	2	6	5	1	2	3	3	0	1	3	 6	66949	15.0
3	2	3	2	6	5	1	2	3	3	0	1	3	 7	35203	18.9
3	2	3	2	6	5	1	2	3	3	0	1	3	 8	65419	15.6
3	2	3	2	6	5	1	2	3	3	0	1	3	 9	39380	35.9
3	2	3	3	1	1	3	4	0	1	2	3	1	10	41381	14.9
3	2	3	3	1	1	3	4	0	1	2	3	1	11	22861	26.4
3	2	3	3	1	1	3	4	0	1	2	3	1	12	22752	26.3
3	2	3	3	1	1	3	4	0	1	2	3	1	13	25084	58.2
3	2	3	3	1	1	3	4	0	1	2	3	1	17	54320	25.6
3	2	3	3	1	1	3	4	0	1	2	3	1	 3	27524	14.9
3	2	3	3	1	1	3	4	0	1	2	3	1	 4	25491	14.9
3	2	3	3	1	1	3	4	0	1	2	3	1	 5	21935	15.3
3	2	3	3	1	1	3	4	0	1	2	3	1	 6	42774	8.4
3	2	3	3	1	1	3	4	0	1	2	3	1	 7	22737	15.6
3	2	3	3	1	1	3	4	0	1	2	3	1	 8	41256	8.7
3	2	3	3	1	1	3	4	0	1	2	3	1	 9	27511	14.9
3	2	3	3	7	1	3	4	0	1	2	3	1	 1	21554	21.5
3	2	3	3	7	1	3	4	0	1	2	3	1	10	49144	12.4
3	2	3	3	7	1	3	4	0	1	2	3	1	11	25131	17.1
3	2	3	3	7	1	3	4	0	1	2	3	1	12	24993	17.1
3	2	3	3	7	1	3	4	0	1	2	3	1	13	28247	36.6
3	2	3	3	7	1	3	4	0	1	2	3	1	17	56882	16.6
3	2	3	3	7	1	3	4	0	1	2	3	1	 2	23086	21.5
3	2	3	3	7	1	3	4	0	1	2	3	1	 3	31113	12.4
3	2	3	3	7	1	3	4	0	1	2	3	1	 4	28801	12.4
3	2	3	3	7	1	3	4	0	1	2	3	1	 5	25579	10.3
3	2	3	3	7	1	3	4	0	1	2	3	1	 6	49073	6.3
3	2	3	3	7	1	3	4	0	1	2	3	1	 7	26493	10.8
3	2	3	3	7	1	3	4	0	1	2	3	1	 8	47571	6.7
3	2	3	3	7	1	3	4	0	1	2	3	1	 9	31106	12.4
3	2	3	3	7	1	3	4	1	1	2	0	2	 1	23591	22.5
3	2	3	3	7	1	3	4	1	1	2	0	2	10	52856	12.8
3	2	3	3	7	1	3	4	1	1	2	0	2	11	25809	17.7
3	2	3	3	7	1	3	4	1	1	2	0	2	12	25681	17.7
3	2	3	3	7	1	3	4	1	1	2	0	2	13	29459	51.6
3	2	3	3	7	1	3	4	1	1	2	0	2	17	58707	17.4
3	2	3	3	7	1	3	4	1	1	2	0	2	 2	24795	22.5
3	2	3	3	7	1	3	4	1	1	2	0	2	 3	32956	12.8
3	2	3	3	7	1	3	4	1	1	2	0	2	 4	29948	12.8
3	2	3	3	7	1	3	4	1	1	2	0	2	 5	28138	10.3
3	2	3	3	7	1	3	4	1	1	2	0	2	 6	53967	7.0
3	2	3	3	7	1	3	4	1	1	2	0	2	 7	29134	10.6
3	2	3	3	7	1	3	4	1	1	2	0	2	 8	52472	7.5
3	2	3	3	7	1	3	4	1	1	2	0	2	 9	32942	12.8
3	2	4	3	2	2	4	1	2	2	0	1	4	 1	22688	28.4
3	2	4	3	2	2	4	1	2	2	0	1	4	10	53279	21.9
3	2	4	3	2	2	4	1	2	2	0	1	4	11	25059	24.6
3	2	4	3	2	2	4	1	2	2	0	1	4	12	25145	24.6
3	2	4	3	2	2	4	1	2	2	0	1	4	13	28647	68.4
3	2	4	3	2	2	4	1	2	2	0	1	4	17	57892	23.2
3	2	4	3	2	2	4	1	2	2	0	1	4	 2	23145	28.8
3	2	4	3	2	2	4	1	2	2	0	1	4	 3	33658	21.9
3	2	4	3	2	2	4	1	2	2	0	1	4	 4	29936	21.9
3	2	4	3	2	2	4	1	2	2	0	1	4	 5	28732	9.8
3	2	4	3	2	2	4	1	2	2	0	1	4	 6	53422	8.8
3	2	4	3	2	2	4	1	2	2	0	1	4	 7	29684	10.3
3	2	4	3	2	2	4	1	2	2	0	1	4	 8	51874	9.5
3	2	4	3	2	2	4	1	2	2	0	1	4	 9	33662	21.9
3	2	5	0	4	5	2	4	1	2	0	1	5	 1	21203	27.5
3	2	5	0	4	5	2	4	1	2	0	1	5	10	49916	18.7
3	2	5	0	4	5	2	4	1	2	0	1	5	11	24252	21.6
3	2	5	0	4	5	2	4	1	2	0	1	5	12	24090	21.6
3	2	5	0	4	5	2	4	1	2	0	1	5	13	27372	58.8
3	2	5	0	4	5	2	4	1	2	0	1	5	17	56250	20.6
3	2	5	0	4	5	2	4	1	2	0	1	5	 2	23054	27.4
3	2	5	0	4	5	2	4	1	2	0	1	5	 3	31326	18.7
3	2	5	0	4	5	2	4	1	2	0	1	5	 4	28729	18.8
3	2	5	0	4	5	2	4	1	2	0	1	5	 5	25062	12.8
3	2	5	0	4	5	2	4	1	2	0	1	5	 6	50144	6.8
3	2	5	0	4	5	2	4	1	2	0	1	5	 7	25901	13.0
3	2	5	0	4	5	2	4	1	2	0	1	5	 8	48628	7.1
3	2	5	0	4	5	2	4	1	2	0	1	5	 9	31292	18.7
3	3	1	3	3	5	3	1	4	1	0	2	1	 1	27980	51.9
3	3	1	3	3	5	3	1	4	1	0	2	1	10	59389	13.5
3	3	1	3	3	5	3	1	4	1	0	2	1	11	27469	50.1
3	3	1	3	3	5	3	1	4	1	0	2	1	12	27629	50.3
3	3	1	3	3	5	3	1	4	1	0	2	1	13	33092	73.9
3	3	1	3	3	5	3	1	4	1	0	2	1	17	62094	47.0
3	3	1	3	3	5	3	1	4	1	0	2	1	 2	27890	51.6
3	3	1	3	3	5	3	1	4	1	0	2	1	 3	36457	13.5
3	3	1	3	3	5	3	1	4	1	0	2	1	 4	31719	13.5
3	3	1	3	3	5	3	1	4	1	0	2	1	 5	34991	38.3
3	3	1	3	3	5	3	1	4	1	0	2	1	 6	67106	38.1
3	3	1	3	3	5	3	1	4	1	0	2	1	 7	35881	38.8
3	3	1	3	3	5	3	1	4	1	0	2	1	 8	65535	38.4
3	3	1	3	3	5	3	1	4	1	0	2	1	 9	36427	13.5
3	3	2	3	4	1	5	3	2	0	2	1	1	 1	23380	30.9
3	3	2	3	4	1	5	3	2	0	2	1	1	10	48874	11.6
3	3	2	3	4	1	5	3	2	0	2	1	1	11	25223	24.1
3	3	2	3	4	1	5	3	2	0	2	1	1	12	25121	23.8
3	3	2	3	4	1	5	3	2	0	2	1	1	13	29152	64.7
3	3	2	3	4	1	5	3	2	0	2	1	1	17	58339	23.4
3	3	2	3	4	1	5	3	2	0	2	1	1	 2	24822	31.0
3	3	2	3	4	1	5	3	2	0	2	1	1	 3	31178	11.6
3	3	2	3	4	1	5	3	2	0	2	1	1	 4	27780	11.6
3	3	2	3	4	1	5	3	2	0	2	1	1	 5	27915	13.6
3	3	2	3	4	1	5	3	2	0	2	1	1	 6	54530	8.1
3	3	2	3	4	1	5	3	2	0	2	1	1	 7	28888	14.3
3	3	2	3	4	1	5	3	2	0	2	1	1	 8	53034	8.7
3	3	2	3	4	1	5	3	2	0	2	1	1	 9	31177	11.6
3	3	4	0	4	4	1	3	5	1	2	0	2	 1	30486	74.3
3	3	4	0	4	4	1	3	5	1	2	0	2	10	64183	14.9
3	3	4	0	4	4	1	3	5	1	2	0	2	11	28504	64.1
3	3	4	0	4	4	1	3	5	1	2	0	2	12	28406	64.2
3	3	4	0	4	4	1	3	5	1	2	0	2	13	33968	68.7
3	3	4	0	4	4	1	3	5	1	2	0	2	17	65906	64.0
3	3	4	0	4	4	1	3	5	1	2	0	2	 2	30108	74.3
3	3	4	0	4	4	1	3	5	1	2	0	2	 3	38629	15.4
3	3	4	0	4	4	1	3	5	1	2	0	2	 4	33085	15.4
3	3	4	0	4	4	1	3	5	1	2	0	2	 5	38605	53.8
3	3	4	0	4	4	1	3	5	1	2	0	2	 6	75373	48.3
3	3	4	0	4	4	1	3	5	1	2	0	2	 7	39705	54.5
3	3	4	0	4	4	1	3	5	1	2	0	2	 8	73868	48.3
3	3	4	0	4	4	1	3	5	1	2	0	2	 9	38482	14.9
3	3	5	1	5	1	3	0	2	3	1	2	1	 1	25066	13.8
3	3	5	1	5	1	3	0	2	3	1	2	1	10	59544	25.6
3	3	5	1	5	1	3	0	2	3	1	2	1	11	26755	13.4
3	3	5	1	5	1	3	0	2	3	1	2	1	12	27135	14.6
3	3	5	1	5	1	3	0	2	3	1	2	1	13	30594	63.8
3	3	5	1	5	1	3	0	2	3	1	2	1	17	59754	13.2
3	3	5	1	5	1	3	0	2	3	1	2	1	 2	24336	13.8
3	3	5	1	5	1	3	0	2	3	1	2	1	 3	37169	25.7
3	3	5	1	5	1	3	0	2	3	1	2	1	 4	33094	25.7
3	3	5	1	5	1	3	0	2	3	1	2	1	 5	32913	5.0
3	3	5	1	5	1	3	0	2	3	1	2	1	 6	57408	4.7
3	3	5	1	5	1	3	0	2	3	1	2	1	 7	33823	6.1
3	3	5	1	5	1	3	0	2	3	1	2	1	 8	55764	5.8
3	3	5	1	5	1	3	0	2	3	1	2	1	 9	37158	25.6
3	3	5	1	5	1	3	0	2	3	1	3	1	 1	25066	13.3
3	3	5	1	5	1	3	0	2	3	1	3	1	10	59468	25.3
3	3	5	1	5	1	3	0	2	3	1	3	1	11	26732	13.1
3	3	5	1	5	1	3	0	2	3	1	3	1	12	27088	14.5
3	3	5	1	5	1	3	0	2	3	1	3	1	13	30585	63.7
3	3	5	1	5	1	3	0	2	3	1	3	1	17	59676	12.8
3	3	5	1	5	1	3	0	2	3	1	3	1	 2	24401	13.4
3	3	5	1	5	1	3	0	2	3	1	3	1	 3	37082	25.4
3	3	5	1	5	1	3	0	2	3	1	3	1	 4	33033	25.4
3	3	5	1	5	1	3	0	2	3	1	3	1	 5	32773	4.9
3	3	5	1	5	1	3	0	2	3	1	3	1	 6	57447	4.6
3	3	5	1	5	1	3	0	2	3	1	3	1	 7	33676	6.0
3	3	5	1	5	1	3	0	2	3	1	3	1	 8	55809	5.4
3	3	5	1	5	1	3	0	2	3	1	3	1	 9	37071	25.3
3	3	5	1	5	1	3	1	3	0	2	0	3	 1	26621	31.6
3	3	5	1	5	1	3	1	3	0	2	0	3	10	55408	11.0
3	3	5	1	5	1	3	1	3	0	2	0	3	11	27116	29.0
3	3	5	1	5	1	3	1	3	0	2	0	3	12	27305	29.0
3	3	5	1	5	1	3	1	3	0	2	0	3	13	31744	66.6
3	3	5	1	5	1	3	1	3	0	2	0	3	17	60920	26.8
3	3	5	1	5	1	3	1	3	0	2	0	3	 2	26449	32.8
3	3	5	1	5	1	3	1	3	0	2	0	3	 3	34837	10.9
3	3	5	1	5	1	3	1	3	0	2	0	3	 4	30598	10.9
3	3	5	1	5	1	3	1	3	0	2	0	3	 5	33438	17.3
3	3	5	1	5	1	3	1	3	0	2	0	3	 6	61989	16.9
3	3	5	1	5	1	3	1	3	0	2	0	3	 7	34352	17.7
3	3	5	1	5	1	3	1	3	0	2	0	3	 8	60411	17.3
3	3	5	1	5	1	3	1	3	0	2	0	3	 9	34807	11.0
3	3	6	2	1	3	0	3	1	2	1	2	1	 1	19560	41.7
3	3	6	2	1	3	0	3	1	2	1	2	1	10	46733	21.4
3	3	6	2	1	3	0	3	1	2	1	2	1	11	23301	30.3
3	3	6	2	1	3	0	3	1	2	1	2	1	12	23300	30.0
3	3	6	2	1	3	0	3	1	2	1	2	1	13	26192	66.3
3	3	6	2	1	3	0	3	1	2	1	2	1	17	54878	28.8
3	3	6	2	1	3	0	3	1	2	1	2	1	 2	21081	41.7
3	3	6	2	1	3	0	3	1	2	1	2	1	 3	30245	22.4
3	3	6	2	1	3	0	3	1	2	1	2	1	 4	27744	22.4
3	3	6	2	1	3	0	3	1	2	1	2	1	 5	23928	15.6
3	3	6	2	1	3	0	3	1	2	1	2	1	 6	46735	9.1
3	3	6	2	1	3	0	3	1	2	1	2	1	 7	24701	16.0
3	3	6	2	1	3	0	3	1	2	1	2	1	 8	45203	9.5
3	3	6	2	1	3	0	3	1	2	1	2	1	 9	30059	21.4
3	3	6	2	7	3	0	3	1	2	1	2	1	 1	23963	25.2
3	3	6	2	7	3	0	3	1	2	1	2	1	10	55996	17.9
3	3	6	2	7	3	0	3	1	2	1	2	1	11	25929	19.5
3	3	6	2	7	3	0	3	1	2	1	2	1	12	25875	19.4
3	3	6	2	7	3	0	3	1	2	1	2	1	13	29599	52.6
3	3	6	2	7	3	0	3	1	2	1	2	1	17	58220	19.2
3	3	6	2	7	3	0	3	1	2	1	2	1	 2	25417	25.1
3	3	6	2	7	3	0	3	1	2	1	2	1	 3	34456	18.9
3	3	6	2	7	3	0	3	1	2	1	2	1	 4	31659	18.9
3	3	6	2	7	3	0	3	1	2	1	2	1	 5	28299	11.3
3	3	6	2	7	3	0	3	1	2	1	2	1	 6	54647	7.1
3	3	6	2	7	3	0	3	1	2	1	2	1	 7	29190	11.5
3	3	6	2	7	3	0	3	1	2	1	2	1	 8	53129	7.4
3	3	6	2	7	3	0	3	1	2	1	2	1	 9	34266	17.9
3	4	1	3	2	4	2	5	2	0	2	1	4	 1	21428	25.9
3	4	1	3	2	4	2	5	2	0	2	1	4	10	45780	12.1
3	4	1	3	2	4	2	5	2	0	2	1	4	11	23987	23.8
3	4	1	3	2	4	2	5	2	0	2	1	4	12	23755	23.8
3	4	1	3	2	4	2	5	2	0	2	1	4	13	27799	65.9
3	4	1	3	2	4	2	5	2	0	2	1	4	17	56968	22.7
3	4	1	3	2	4	2	5	2	0	2	1	4	 2	22966	26.2
3	4	1	3	2	4	2	5	2	0	2	1	4	 3	29666	12.2
3	4	1	3	2	4	2	5	2	0	2	1	4	 4	26601	12.2
3	4	1	3	2	4	2	5	2	0	2	1	4	 5	25847	13.4
3	4	1	3	2	4	2	5	2	0	2	1	4	 6	51685	7.3
3	4	1	3	2	4	2	5	2	0	2	1	4	 7	26738	13.7
3	4	1	3	2	4	2	5	2	0	2	1	4	 8	50176	8.1
3	4	1	3	2	4	2	5	2	0	2	1	4	 9	29622	12.1
3	4	2	3	4	0	4	2	5	2	1	2	2	 1	31996	73.2
3	4	2	3	4	0	4	2	5	2	1	2	2	10	69558	23.3
3	4	2	3	4	0	4	2	5	2	1	2	2	11	29533	64.3
3	4	2	3	4	0	4	2	5	2	1	2	2	12	29440	64.2
3	4	2	3	4	0	4	2	5	2	1	2	2	13	35702	76.5
3	4	2	3	4	0	4	2	5	2	1	2	2	17	67410	64.1
3	4	2	3	4	0	4	2	5	2	1	2	2	 2	31358	73.3
3	4	2	3	4	0	4	2	5	2	1	2	2	 3	40949	23.3
3	4	2	3	4	0	4	2	5	2	1	2	2	 4	34900	23.3
3	4	2	3	4	0	4	2	5	2	1	2	2	 5	40361	54.9
3	4	2	3	4	0	4	2	5	2	1	2	2	 6	78438	50.0
3	4	2	3	4	0	4	2	5	2	1	2	2	 7	41505	55.4
3	4	2	3	4	0	4	2	5	2	1	2	2	 9	40918	23.3
3	4	3	0	6	2	1	4	3	1	3	2	2	 1	27021	31.4
3	4	3	0	6	2	1	4	3	1	3	2	2	10	58669	13.3
3	4	3	0	6	2	1	4	3	1	3	2	2	11	26950	25.6
3	4	3	0	6	2	1	4	3	1	3	2	2	12	26758	25.7
3	4	3	0	6	2	1	4	3	1	3	2	2	13	31325	68.5
3	4	3	0	6	2	1	4	3	1	3	2	2	17	62189	24.1
3	4	3	0	6	2	1	4	3	1	3	2	2	 2	27400	32.6
3	4	3	0	6	2	1	4	3	1	3	2	2	 3	35863	13.7
3	4	3	0	6	2	1	4	3	1	3	2	2	 4	31516	13.7
3	4	3	0	6	2	1	4	3	1	3	2	2	 5	32953	17.9
3	4	3	0	6	2	1	4	3	1	3	2	2	 6	64386	15.2
3	4	3	0	6	2	1	4	3	1	3	2	2	 7	34034	18.2
3	4	3	0	6	2	1	4	3	1	3	2	2	 8	62895	15.7
3	4	3	0	6	2	1	4	3	1	3	2	2	 9	35757	13.3
3	4	3	1	2	5	4	3	2	1	0	3	3	 1	21685	35.9
3	4	3	1	2	5	4	3	2	1	0	3	3	10	48084	13.8
3	4	3	1	2	5	4	3	2	1	0	3	3	11	24039	26.2
3	4	3	1	2	5	4	3	2	1	0	3	3	12	23895	25.9
3	4	3	1	2	5	4	3	2	1	0	3	3	13	27695	67.6
3	4	3	1	2	5	4	3	2	1	0	3	3	17	56801	24.9
3	4	3	1	2	5	4	3	2	1	0	3	3	 2	23227	36.2
3	4	3	1	2	5	4	3	2	1	0	3	3	 3	30679	13.8
3	4	3	1	2	5	4	3	2	1	0	3	3	 4	27421	13.8
3	4	3	1	2	5	4	3	2	1	0	3	3	 5	26016	14.0
3	4	3	1	2	5	4	3	2	1	0	3	3	 6	52095	6.4
3	4	3	1	2	5	4	3	2	1	0	3	3	 7	26923	14.4
3	4	3	1	2	5	4	3	2	1	0	3	3	 8	50591	7.0
3	4	3	1	2	5	4	3	2	1	0	3	3	 9	30677	13.8
3	4	4	1	2	0	4	4	3	1	1	0	5	 1	23354	40.3
3	4	4	1	2	0	4	4	3	1	1	0	5	10	51055	15.5
3	4	4	1	2	0	4	4	3	1	1	0	5	11	24596	33.3
3	4	4	1	2	0	4	4	3	1	1	0	5	12	24465	33.4
3	4	4	1	2	0	4	4	3	1	1	0	5	13	28725	65.6
3	4	4	1	2	0	4	4	3	1	1	0	5	17	58615	30.1
3	4	4	1	2	0	4	4	3	1	1	0	5	 2	24833	41.8
3	4	4	1	2	0	4	4	3	1	1	0	5	 3	32072	15.5
3	4	4	1	2	0	4	4	3	1	1	0	5	 4	28254	15.5
3	4	4	1	2	0	4	4	3	1	1	0	5	 5	28159	22.1
3	4	4	1	2	0	4	4	3	1	1	0	5	 6	57080	17.1
3	4	4	1	2	0	4	4	3	1	1	0	5	 7	29125	22.5
3	4	4	1	2	0	4	4	3	1	1	0	5	 8	55586	17.4
3	4	4	1	2	0	4	4	3	1	1	0	5	 9	32067	15.5
3	4	4	2	2	0	5	4	3	1	1	1	0	 1	23588	39.5
3	4	4	2	2	0	5	4	3	1	1	1	0	10	51534	15.0
3	4	4	2	2	0	5	4	3	1	1	1	0	11	24772	32.7
3	4	4	2	2	0	5	4	3	1	1	1	0	12	24619	32.8
3	4	4	2	2	0	5	4	3	1	1	1	0	13	29008	65.9
3	4	4	2	2	0	5	4	3	1	1	1	0	17	59196	29.2
3	4	4	2	2	0	5	4	3	1	1	1	0	 2	24982	41.0
3	4	4	2	2	0	5	4	3	1	1	1	0	 3	32310	15.0
3	4	4	2	2	0	5	4	3	1	1	1	0	 4	28305	15.0
3	4	4	2	2	0	5	4	3	1	1	1	0	 5	28486	21.5
3	4	4	2	2	0	5	4	3	1	1	1	0	 6	57490	16.6
3	4	4	2	2	0	5	4	3	1	1	1	0	 7	29522	21.6
3	4	4	2	2	0	5	4	3	1	1	1	0	 8	56015	16.9
3	4	4	2	2	0	5	4	3	1	1	1	0	 9	32309	15.0
3	4	4	2	3	1	0	5	4	2	2	1	2	10	61147	22.8
3	4	4	2	3	1	0	5	4	2	2	1	2	11	26508	49.7
3	4	4	2	3	1	0	5	4	2	2	1	2	12	26262	49.9
3	4	4	2	3	1	0	5	4	2	2	1	2	13	31616	67.6
3	4	4	2	3	1	0	5	4	2	2	1	2	17	62990	47.7
3	4	4	2	3	1	0	5	4	2	2	1	2	 2	27421	49.8
3	4	4	2	3	1	0	5	4	2	2	1	2	 3	37061	24.1
3	4	4	2	3	1	0	5	4	2	2	1	2	 4	32115	24.1
3	4	4	2	3	1	0	5	4	2	2	1	2	 5	33639	40.9
3	4	4	2	3	1	0	5	4	2	2	1	2	 6	67301	38.0
3	4	4	2	3	1	0	5	4	2	2	1	2	 7	34725	41.3
3	4	4	2	3	1	0	5	4	2	2	1	2	 8	65813	38.3
3	4	4	2	3	1	0	5	4	2	2	1	2	 9	36828	22.8
3	5	4	2	2	5	4	3	2	0	3	2	3	 1	21577	35.8
3	5	4	2	2	5	4	3	2	0	3	2	3	10	45624	11.5
3	5	4	2	2	5	4	3	2	0	3	2	3	11	24096	26.3
3	5	4	2	2	5	4	3	2	0	3	2	3	12	23970	26.1
3	5	4	2	2	5	4	3	2	0	3	2	3	13	27758	67.0
3	5	4	2	2	5	4	3	2	0	3	2	3	17	56669	25.3
3	5	4	2	2	5	4	3	2	0	3	2	3	 2	23238	36.0
3	5	4	2	2	5	4	3	2	0	3	2	3	 3	29589	11.5
3	5	4	2	2	5	4	3	2	0	3	2	3	 4	26454	11.5
3	5	4	2	2	5	4	3	2	0	3	2	3	 5	25850	14.3
3	5	4	2	2	5	4	3	2	0	3	2	3	 6	51492	6.8
3	5	4	2	2	5	4	3	2	0	3	2	3	 7	26740	14.7
3	5	4	2	2	5	4	3	2	0	3	2	3	 8	49986	7.6
3	5	4	2	2	5	4	3	2	0	3	2	3	 9	29585	11.5
3	5	4	2	3	1	0	5	4	2	2	1	1	 1	27081	50.4
3	5	4	2	3	1	0	5	4	2	2	1	1	10	61056	23.5
3	5	4	2	3	1	0	5	4	2	2	1	1	11	26479	50.1
3	5	4	2	3	1	0	5	4	2	2	1	1	12	26243	50.3
3	5	4	2	3	1	0	5	4	2	2	1	1	13	31556	66.4
3	5	4	2	3	1	0	5	4	2	2	1	1	17	62912	47.8
3	5	4	2	3	1	0	5	4	2	2	1	1	 2	27404	50.3
3	5	4	2	3	1	0	5	4	2	2	1	1	 3	37029	24.6
3	5	4	2	3	1	0	5	4	2	2	1	1	 4	32092	24.6
3	5	4	2	3	1	0	5	4	2	2	1	1	 5	33579	41.2
3	5	4	2	3	1	0	5	4	2	2	1	1	 6	67140	38.4
3	5	4	2	3	1	0	5	4	2	2	1	1	 7	34666	41.8
3	5	4	2	3	1	0	5	4	2	2	1	1	 8	65652	38.7
3	5	4	2	3	1	0	5	4	2	2	1	1	 9	36790	23.5
3	5	5	3	4	2	2	1	1	0	3	2	4	 1	21839	20.4
3	5	5	3	4	2	2	1	1	0	3	2	4	10	46833	9.8
3	5	5	3	4	2	2	1	1	0	3	2	4	11	24912	19.6
3	5	5	3	4	2	2	1	1	0	3	2	4	12	24989	19.6
3	5	5	3	4	2	2	1	1	0	3	2	4	13	28246	57.3
3	5	5	3	4	2	2	1	1	0	3	2	4	17	56318	18.6
3	5	5	3	4	2	2	1	1	0	3	2	4	 2	22526	20.5
3	5	5	3	4	2	2	1	1	0	3	2	4	 3	30675	10.0
3	5	5	3	4	2	2	1	1	0	3	2	4	 4	27839	10.0
3	5	5	3	4	2	2	1	1	0	3	2	4	 5	26927	8.2
3	5	5	3	4	2	2	1	1	0	3	2	4	 6	49710	5.6
3	5	5	3	4	2	2	1	1	0	3	2	4	 7	27738	8.6
3	5	5	3	4	2	2	1	1	0	3	2	4	 8	48156	6.2
3	5	5	3	4	2	2	1	1	0	3	2	4	 9	30631	9.8
3	5	5	3	5	3	2	2	1	1	0	0	5	 1	22485	29.2
3	5	5	3	5	3	2	2	1	1	0	0	5	10	50616	13.0
3	5	5	3	5	3	2	2	1	1	0	0	5	11	25197	22.9
3	5	5	3	5	3	2	2	1	1	0	0	5	12	25278	22.8
3	5	5	3	5	3	2	2	1	1	0	0	5	13	28617	57.8
3	5	5	3	5	3	2	2	1	1	0	0	5	17	57114	22.6
3	5	5	3	5	3	2	2	1	1	0	0	5	 2	23515	29.2
3	5	5	3	5	3	2	2	1	1	0	0	5	 3	32217	13.2
3	5	5	3	5	3	2	2	1	1	0	0	5	 4	29379	13.2
3	5	5	3	5	3	2	2	1	1	0	0	5	 5	27339	11.1
3	5	5	3	5	3	2	2	1	1	0	0	5	 6	51309	7.7
3	5	5	3	5	3	2	2	1	1	0	0	5	 7	28197	11.6
3	5	5	3	5	3	2	2	1	1	0	0	5	 8	49767	8.2
3	5	5	3	5	3	2	2	1	1	0	0	5	 9	32169	13.0
3	5	5	3	6	4	4	4	4	3	3	3	4	 1	31832	49.0
3	5	5	3	6	4	4	4	4	3	3	3	4	10	76624	52.7
3	5	5	3	6	4	4	4	4	3	3	3	4	11	29828	44.0
3	5	5	3	6	4	4	4	4	3	3	3	4	12	29517	44.2
3	5	5	3	6	4	4	4	4	3	3	3	4	13	35134	75.6
3	5	5	3	6	4	4	4	4	3	3	3	4	17	68558	42.4
3	5	5	3	6	4	4	4	4	3	3	3	4	 2	30999	48.9
3	5	5	3	6	4	4	4	4	3	3	3	4	 3	43909	52.7
3	5	5	3	6	4	4	4	4	3	3	3	4	 4	37700	52.7
3	5	5	3	6	4	4	4	4	3	3	3	4	 5	39820	35.4
3	5	5	3	6	4	4	4	4	3	3	3	4	 6	77248	33.7
3	5	5	3	6	4	4	4	4	3	3	3	4	 7	41064	35.7
3	5	5	3	6	4	4	4	4	3	3	3	4	 8	75772	34.3
3	5	5	3	6	4	4	4	4	3	3	3	4	 9	43925	52.7
3	5	5	4	7	5	0	0	1	0	1	1	1	 1	24319	9.6
3	5	5	4	7	5	0	0	1	0	1	1	1	10	53887	9.5
3	5	5	4	7	5	0	0	1	0	1	1	1	11	26776	10.6
3	5	5	4	7	5	0	0	1	0	1	1	1	12	27187	12.0
3	5	5	4	7	5	0	0	1	0	1	1	1	13	30404	50.5
3	5	5	4	7	5	0	0	1	0	1	1	1	17	58863	10.6
3	5	5	4	7	5	0	0	1	0	1	1	1	 2	23561	9.7
3	5	5	4	7	5	0	0	1	0	1	1	1	 3	35024	11.1
3	5	5	4	7	5	0	0	1	0	1	1	1	 4	31594	11.1
3	5	5	4	7	5	0	0	1	0	1	1	1	 5	31760	4.1
3	5	5	4	7	5	0	0	1	0	1	1	1	 6	53782	3.7
3	5	5	4	7	5	0	0	1	0	1	1	1	 7	32615	4.9
3	5	5	4	7	5	0	0	1	0	1	1	1	 8	52133	4.4
3	5	5	4	7	5	0	0	1	0	1	1	1	 9	34770	9.5
3	5	6	4	1	0	1	1	1	1	1	1	2	 1	20098	31.5
3	5	6	4	1	0	1	1	1	1	1	1	2	10	46085	13.2
3	5	6	4	1	0	1	1	1	1	1	1	2	11	24044	26.1
3	5	6	4	1	0	1	1	1	1	1	1	2	12	24325	26.2
3	5	6	4	1	0	1	1	1	1	1	1	2	13	26834	66.3
3	5	6	4	1	0	1	1	1	1	1	1	2	17	55617	24.3
3	5	6	4	1	0	1	1	1	1	1	1	2	 2	20443	31.6
3	5	6	4	1	0	1	1	1	1	1	1	2	 3	30773	13.8
3	5	6	4	1	0	1	1	1	1	1	1	2	 4	27980	13.8
3	5	6	4	1	0	1	1	1	1	1	1	2	 5	26356	10.1
3	5	6	4	1	0	1	1	1	1	1	1	2	 6	46615	9.0
3	5	6	4	1	0	1	1	1	1	1	1	2	 7	27178	10.8
3	5	6	4	1	0	1	1	1	1	1	1	2	 8	45031	9.8
3	5	6	4	1	0	1	1	1	1	1	1	2	 9	30660	13.2
3	5	6	4	1	1	1	1	2	1	1	2	3	10	48720	12.6
3	5	6	4	1	1	1	1	2	1	1	2	3	11	24419	24.8
3	5	6	4	1	1	1	1	2	1	1	2	3	12	24584	24.9
3	5	6	4	1	1	1	1	2	1	1	2	3	13	28055	69.4
3	5	6	4	1	1	1	1	2	1	1	2	3	17	56315	23.3
3	5	6	4	1	1	1	1	2	1	1	2	3	 3	31663	13.2
3	5	6	4	1	1	1	1	2	1	1	2	3	 4	28366	13.2
3	5	6	4	1	1	1	1	2	1	1	2	3	 5	27551	10.0
3	5	6	4	1	1	1	1	2	1	1	2	3	 6	51471	8.3
3	5	6	4	1	1	1	1	2	1	1	2	3	 7	28336	10.4
3	5	6	4	1	1	1	1	2	1	1	2	3	 8	49903	9.1
3	5	6	4	1	1	1	1	2	1	1	2	3	 9	31561	12.6
3	6	1	1	3	2	3	3	4	3	0	0	1	 1	27806	61.0
3	6	1	1	3	2	3	3	4	3	0	0	1	10	67141	55.3
3	6	1	1	3	2	3	3	4	3	0	0	1	11	27023	54.7
3	6	1	1	3	2	3	3	4	3	0	0	1	12	26947	54.6
3	6	1	1	3	2	3	3	4	3	0	0	1	13	31919	71.4
3	6	1	1	3	2	3	3	4	3	0	0	1	17	62691	52.5
3	6	1	1	3	2	3	3	4	3	0	0	1	 2	28824	60.8
3	6	1	1	3	2	3	3	4	3	0	0	1	 3	39387	55.4
3	6	1	1	3	2	3	3	4	3	0	0	1	 4	34461	55.4
3	6	1	1	3	2	3	3	4	3	0	0	1	 5	33780	44.2
3	6	1	1	3	2	3	3	4	3	0	0	1	 6	68114	40.3
3	6	1	1	3	2	3	3	4	3	0	0	1	 7	34779	44.5
3	6	1	1	3	2	3	3	4	3	0	0	1	 8	66607	40.7
3	6	1	1	3	2	3	3	4	3	0	0	1	 9	39377	55.3
3	6	1	1	3	2	3	3	4	3	0	1	2	 1	27855	60.9
3	6	1	1	3	2	3	3	4	3	0	1	2	10	67312	55.0
3	6	1	1	3	2	3	3	4	3	0	1	2	11	27024	54.2
3	6	1	1	3	2	3	3	4	3	0	1	2	12	26920	54.1
3	6	1	1	3	2	3	3	4	3	0	1	2	13	31956	72.4
3	6	1	1	3	2	3	3	4	3	0	1	2	17	62779	51.8
3	6	1	1	3	2	3	3	4	3	0	1	2	 2	28813	60.7
3	6	1	1	3	2	3	3	4	3	0	1	2	 3	39457	55.0
3	6	1	1	3	2	3	3	4	3	0	1	2	 4	34487	55.0
3	6	1	1	3	2	3	3	4	3	0	1	2	 5	33868	43.8
3	6	1	1	3	2	3	3	4	3	0	1	2	 6	68376	39.5
3	6	1	1	3	2	3	3	4	3	0	1	2	 7	34880	44.1
3	6	1	1	3	2	3	3	4	3	0	1	2	 8	66873	39.7
3	6	1	1	3	2	3	3	4	3	0	1	2	 9	39448	55.0
3	6	1	1	3	2	3	4	4	0	0	1	2	 1	26529	53.9
3	6	1	1	3	2	3	4	4	0	0	1	2	10	54827	12.1
3	6	1	1	3	2	3	4	4	0	0	1	2	11	26288	50.4
3	6	1	1	3	2	3	4	4	0	0	1	2	12	26105	50.5
3	6	1	1	3	2	3	4	4	0	0	1	2	13	31182	68.1
3	6	1	1	3	2	3	4	4	0	0	1	2	17	62123	48.4
3	6	1	1	3	2	3	4	4	0	0	1	2	 2	26969	53.5
3	6	1	1	3	2	3	4	4	0	0	1	2	 3	34105	12.1
3	6	1	1	3	2	3	4	4	0	0	1	2	 4	29490	12.1
3	6	1	1	3	2	3	4	4	0	0	1	2	 5	32955	35.6
3	6	1	1	3	2	3	4	4	0	0	1	2	 6	65350	28.8
3	6	1	1	3	2	3	4	4	0	0	1	2	 7	34035	36.2
3	6	1	1	3	2	3	4	4	0	0	1	2	 8	63863	28.8
3	6	1	1	3	2	3	4	4	0	0	1	2	 9	34065	12.1
3	6	2	1	4	3	4	0	1	1	2	2	4	 1	21991	10.0
3	6	2	1	4	3	4	0	1	1	2	2	4	10	50506	11.2
3	6	2	1	4	3	4	0	1	1	2	2	4	11	25365	10.0
3	6	2	1	4	3	4	0	1	1	2	2	4	12	25557	11.6
3	6	2	1	4	3	4	0	1	1	2	2	4	13	28239	57.2
3	6	2	1	4	3	4	0	1	1	2	2	4	17	57225	9.8
3	6	2	1	4	3	4	0	1	1	2	2	4	 2	21255	10.0
3	6	2	1	4	3	4	0	1	1	2	2	4	 3	32832	11.2
3	6	2	1	4	3	4	0	1	1	2	2	4	 4	29585	11.2
3	6	2	1	4	3	4	0	1	1	2	2	4	 5	28603	3.6
3	6	2	1	4	3	4	0	1	1	2	2	4	 6	50056	3.1
3	6	2	1	4	3	4	0	1	1	2	2	4	 7	29521	4.2
3	6	2	1	4	3	4	0	1	1	2	2	4	 8	48467	3.8
1	1	1	0	2	0	0	0	0	0	0	0	0	16	42062	19.7
1	1	5	3	4	2	1	0	4	2	2	1	1	16	48657	39.2
1	1	5	3	5	2	2	1	0	3	2	2	2	16	40515	21.3
1	2	2	1	3	2	2	2	2	2	2	2	4	16	40767	27.2
1	2	2	1	3	2	3	3	3	2	2	3	5	16	42190	27.1
1	2	2	1	4	3	3	4	4	3	0	0	1	16	45860	50.4
1	2	3	2	4	3	4	4	5	0	0	1	2	16	48532	54.5
1	3	3	2	5	4	0	1	1	1	2	2	4	16	41007	19.7
1	3	3	2	5	4	4	5	0	1	1	1	3	16	38757	20.3
1	3	3	3	6	5	1	2	3	2	3	0	1	16	44990	28.7
1	3	4	3	7	1	2	3	4	3	1	1	3	16	49257	46.2
1	3	5	0	3	4	0	2	3	3	1	2	4	16	42483	31.4
1	3	5	0	4	4	1	2	4	1	2	3	1	16	45108	53.0
1	3	5	1	4	4	1	3	4	1	2	3	1	16	45092	50.9
1	3	5	4	2	2	4	5	1	2	2	0	1	16	39040	25.4
1	4	2	2	1	2	5	2	4	1	2	1	3	16	43337	55.0
1	4	2	3	3	5	3	1	3	1	3	1	5	16	43572	26.5
1	4	5	1	4	5	1	3	5	1	2	3	1	16	47985	64.9
1	4	6	1	5	0	2	4	1	2	3	1	3	16	39884	21.7
1	4	6	1	5	0	2	4	1	2	3	1	4	16	39886	21.2
1	4	6	1	5	1	2	4	1	2	0	1	4	16	39886	21.2
1	5	3	0	5	2	0	3	1	3	2	0	4	16	39733	25.5
1	5	3	4	4	1	4	2	5	2	1	2	2	16	49270	64.9
1	5	3	4	5	1	4	2	0	2	1	3	3	16	39873	21.3
1	5	4	1	2	4	3	2	1	3	2	2	1	16	39745	32.0
1	5	4	1	6	3	1	4	2	0	2	1	0	16	41706	22.3
1	5	4	2	3	1	0	4	3	1	1	0	5	16	41986	29.6
1	5	4	2	3	1	5	4	3	1	0	3	4	16	42212	25.7
1	6	5	2	3	1	0	4	4	2	1	1	5	16	44621	47.9
1	6	5	2	3	1	5	4	3	1	1	3	4	16	42212	25.7
1	6	5	3	4	2	1	0	5	2	2	2	2	16	50862	53.7
1	6	5	3	6	3	3	3	2	1	1	1	1	16	42269	22.8
2	1	3	3	2	2	4	1	3	3	1	2	0	16	44219	30.9
2	1	3	3	2	2	4	1	3	3	1	2	5	16	43271	26.3
2	1	3	3	7	1	3	5	1	2	3	1	3	16	41262	18.0
2	1	3	3	7	2	3	5	1	2	3	1	2	16	41246	18.4
2	1	4	0	4	5	2	4	2	2	1	2	1	16	40611	25.5
2	1	4	0	5	1	3	1	4	1	2	1	4	16	46831	47.8
2	1	4	1	6	2	5	2	0	2	1	2	2	16	40070	23.1
2	1	5	2	2	4	2	1	4	2	1	3	3	16	44810	46.8
2	1	5	2	2	5	4	2	1	3	2	1	1	16	39924	31.3
2	1	5	3	4	1	0	4	4	2	1	0	5	16	45693	47.8
2	2	1	3	4	2	1	4	3	1	1	3	4	16	43132	23.7
2	2	1	3	5	2	1	5	4	1	1	0	4	16	46626	45.7
2	2	2	0	1	5	4	4	3	2	1	1	1	16	40573	35.7
2	2	2	0	1	5	5	4	4	2	2	2	3	16	42327	52.4
2	2	4	0	4	0	2	5	2	3	1	2	1	16	40593	24.8
2	2	4	0	4	5	2	4	2	2	1	2	1	16	40611	25.5
2	2	4	1	5	0	3	0	3	0	1	3	2	16	45886	17.3
2	2	4	1	5	1	3	1	3	0	2	0	3	16	44930	28.6
2	2	4	1	5	1	4	2	4	1	3	1	5	16	46420	49.0
2	2	4	4	4	4	2	4	1	2	0	2	0	16	39780	23.0
2	2	5	1	6	2	4	2	5	1	3	1	5	16	50547	62.4
2	2	5	1	7	3	1	4	2	0	2	1	5	16	42435	19.0
2	2	5	2	1	3	1	4	2	3	2	0	3	16	39456	30.6
2	2	5	2	2	4	2	0	3	1	3	2	1	16	44915	21.5
2	2	5	2	2	5	3	1	5	2	1	0	3	16	47922	66.1
2	2	6	2	2	5	3	1	5	2	1	3	3	16	47510	62.6
2	2	6	3	4	1	5	3	2	0	3	2	2	16	40912	24.6
2	3	1	3	3	0	4	2	1	2	1	0	4	16	40602	29.3
2	3	1	3	3	0	4	2	1	2	2	1	4	16	40169	27.0
2	3	1	3	4	0	4	2	1	2	1	0	4	16	40864	27.2
2	3	1	3	4	1	4	2	1	3	2	1	5	16	40067	24.6
2	3	1	3	4	1	5	4	2	0	3	2	2	16	40835	22.8
2	3	2	0	6	3	3	2	1	0	3	2	3	16	40305	22.7
2	3	2	0	6	4	3	2	1	3	2	2	2	16	40533	23.7
2	3	2	1	1	5	5	4	4	2	2	1	2	16	42543	53.1
2	3	3	1	1	4	3	3	2	1	0	3	4	16	39375	28.6
2	3	3	1	1	5	4	3	3	1	1	1	0	16	40769	36.9
2	3	3	1	3	1	1	1	0	0	3	3	4	16	39421	21.1
2	3	3	2	4	3	3	3	3	2	2	2	3	16	43087	28.2
2	3	4	3	6	0	1	2	2	2	2	3	0	16	42962	24.6
2	3	6	2	2	4	2	0	3	1	3	2	1	16	44915	21.5
2	4	1	1	5	0	2	4	0	1	2	0	2	16	38687	22.5
2	4	1	2	5	1	2	4	1	2	3	1	3	16	40020	21.1
2	4	2	2	6	2	4	1	3	3	1	2	1	16	46171	27.0
2	4	4	2	4	2	2	2	1	1	1	0	0	16	40440	27.5
2	4	4	3	1	1	2	3	4	3	0	1	2	16	43563	0.0
2	4	4	3	5	3	4	4	4	2	2	2	4	16	47073	43.8
2	4	4	3	6	5	1	1	2	1	2	2	4	16	43123	18.8
2	4	5	0	3	3	4	5	1	1	2	2	5	16	38946	22.8
2	4	5	3	6	5	0	1	1	1	1	1	3	16	41943	20.6
2	5	1	2	5	5	1	2	4	0	1	2	4	16	46440	46.2
2	5	1	2	6	1	3	0	2	2	1	2	5	16	44460	9.9
2	5	2	3	2	3	1	3	1	2	0	2	0	16	39410	29.0
2	5	3	4	4	1	3	1	4	1	3	1	5	16	46816	44.2
2	5	5	3	6	4	4	4	4	3	3	3	0	16	48452	46.8
2	5	5	4	2	1	1	2	2	2	2	2	4	16	40621	27.2
2	5	5	4	7	5	0	1	1	1	1	1	2	16	42503	20.1
2	5	6	1	3	3	4	0	1	1	2	3	1	16	42655	17.0
2	5	6	1	4	4	0	1	3	2	0	1	3	16	44148	28.0
2	6	2	2	6	1	2	3	5	1	1	2	0	16	50342	63.4
2	6	2	2	6	1	3	4	1	1	2	0	2	16	40264	20.8
2	6	3	3	1	2	4	0	2	2	0	1	4	16	43229	18.4
2	6	3	3	2	3	0	2	4	1	2	0	3	16	44261	53.5
2	6	3	4	4	5	2	5	2	3	1	3	2	16	41327	21.5
2	6	4	0	4	0	3	0	3	0	2	0	3	16	45883	21.1
2	6	4	0	4	0	3	1	3	0	2	1	4	16	43717	27.9
3	1	1	0	2	1	1	1	1	1	1	1	1	16	40961	28.8
3	1	2	1	3	2	3	3	3	2	3	3	0	16	42121	32.4
3	1	2	2	5	4	5	1	2	2	2	3	1	16	43296	23.6
3	1	3	2	6	0	2	3	4	0	1	2	4	16	47333	44.3
3	2	2	1	4	3	4	4	5	0	1	1	2	16	48259	55.6
3	2	3	2	5	4	0	1	2	2	2	3	0	16	43473	24.4
3	2	3	2	5	4	5	1	2	2	2	3	0	16	43614	24.4
3	2	3	2	6	0	1	2	3	3	0	1	3	16	45056	28.1
3	2	3	2	6	5	1	2	3	3	0	1	3	16	45056	27.7
3	2	3	3	1	1	3	4	0	1	2	3	1	16	37895	18.3
3	2	3	3	7	1	3	4	1	1	2	0	2	16	40925	25.5
3	2	4	3	2	2	4	1	2	2	0	1	4	16	41991	23.0
3	2	5	0	4	5	2	4	1	2	0	1	5	16	39274	48.0
3	3	1	3	3	5	3	1	4	1	0	2	1	16	46034	25.5
3	3	2	3	4	1	5	3	2	0	2	1	1	16	40940	66.1
3	3	5	1	5	1	3	0	2	3	1	2	1	16	44851	15.5
3	3	5	1	5	1	3	0	2	3	1	3	1	16	44741	28.6
3	3	5	1	5	1	3	1	3	0	2	0	3	16	44930	31.8
3	3	6	2	1	3	0	3	1	2	1	2	1	16	39005	21.1
3	3	6	2	7	3	0	3	1	2	1	2	1	16	41098	25.0
3	4	1	3	2	4	2	5	2	0	2	1	4	16	39587	25.9
3	4	3	0	6	2	1	4	3	1	3	2	2	16	43966	27.5
3	4	3	1	2	5	4	3	2	1	0	3	3	16	39717	32.0
3	4	4	1	2	0	4	4	3	1	1	0	5	16	41125	31.2
3	4	4	2	2	0	5	4	3	1	1	1	0	16	41316	48.7
3	4	4	2	3	1	0	5	4	2	2	1	2	16	44610	27.7
3	5	4	2	2	5	4	3	2	0	3	2	3	16	39709	49.2
3	5	4	2	3	1	0	5	4	2	2	1	1	16	44574	20.5
3	5	5	3	4	2	2	1	1	0	3	2	4	16	40672	25.5
3	5	5	3	5	3	2	2	1	1	0	0	5	16	40798	43.2
3	5	5	3	6	4	4	4	4	3	3	3	4	16	48910	12.4
3	5	5	4	7	5	0	0	1	0	1	1	1	16	43999	27.2
3	5	6	4	1	0	1	1	1	1	1	1	2	16	40877	25.7
3	5	6	4	1	1	1	1	2	1	1	2	3	16	41186	53.4
3	6	1	1	3	2	3	3	4	3	0	0	1	16	44963	53.2
3	6	1	1	3	2	3	3	4	3	0	1	2	16	44967	50.2
3	6	1	1	3	2	3	4	4	0	0	1	2	16	44187	12.2
3	6	2	1	4	3	4	0	1	1	2	2	4	16	42166	22.0